7701042416
7701035405
6001549706
441263507R
7701043790
7701035464
7701033391
7701035310
7701043913
7701043912
7701035405
7701043913
7701035405
6001549706
441263507R
7701043790
7701035464
7701033391
7701035310
7701043913
7701043912
7701035405
7701039395
7701035406
7701039388
7701042416
7701067647
7701040850
7701044603
7701067647
7701036385
7701039388
7701040850
441004731R
7701036386
7701039389
7701036386
7701039389
7701039395
7701035310
7701035473
7701035311
6001549707
7701070956
7701208355
6001549707
7701033390
7701035311
7701036385
7701039388
7701033600
7701047838
6001549706
7701070956
7701036385
7701039388
441004731R
7701070668
7701047838
7701044602
7701067647
6001551410