8200159837
8200183452
8200159837
7700416532
7700846509
0273004678
0265800839
8200453735
2857006305
476607355R
9404601858
476604349R
476604349R
476606747R
8200183495
476604349R
476604349R
8200245034
0273004395
8200559748
8200196053
472100005R
476609761R
0265956035
7701204918
0265231300
0265956285
0265956285
2857006341
8200157453
476605492R
7701204918
460117382R
476606747R
476604349R
0265234601
476605492R
0265237094
0265220544
476606747R
0265220668
0265800316
8200025772
476602369R
472103202R
8200076082
472103202R
8200747140
476606747R
0265216012
7700411778
476601842R
8200344006
8200159837
476603593R
0265800839
476605492R
476601283R
0265232356
476608796R
8200403322
0265800558
476602369R
476600053R
476602369R
8200159837
8200737980
476609473R
0204051645
6025301696
8200624642
8200100246
8200085584
476602079R
0265800839
0265801133
8200403322
476601203R
476604794R
472100005R
476607355R
8200085584
0265216608
8200528357
7700302426
8200159837
8200334969
0265800335
7700302426
476604794R
2265106516
472104789R
0204051376
0265234000
8200038702
4172100005
8200551143
8200183452
0265800839
476603625R
476607355R
7700314206
472108051R
476609473R
476604794R
476609473R
0265956285
0265237015
0265800737
8200034011
476607355R
7700425822
460115213R
0265800387
0265800559
476605718R
476603625R
460115213R
7700410475
0265956035
0265800559
7700425822
0265232077
0265230777
8201037016
0265956035
0265234372
472105013R
8200559748
472100021R
8200510287
0265800387
0265234000
476601802R
0273004359
7700432643
476600007R
7700432643
8200038695
0265800300
0273004395
8200837963
460915125R
0265950300
0265234310
0273004125
476601842R
7700428596
0265800519
0265800519
8200038695
0265220666
8200403322
0265234188
0265231300
8200344607
0265950300
8200747140
0265237015
476600053R
8200270251
476604349R
0265232077
8200685699
0265234468
8200882870
476601842R
0265231577
7700832771
476608428R
476604349R
8200527390
8200737986
476608644R
476608644R
8200157453
2265100410
0265234128
8200300202
476605492R
0265234470
8200551154
8200249245
8200527390
476608644R
0265234000
8200403322
7700432643
8200327669
0265800498
476608644R
8200882870
8200430798
0265231676
0204051034
0265234138
146508418R
476608644R
7701207497
0265800839
1161100100
0265231474
8200344606
8200747140
8200747140
8200527390
476608644R
476604349R
476933571R
1100004025
2265106516
476608497R
0265801133
0265231359
8201065089
0265231300
0265800737
476608497R
8200245034
0265231338
8200229137
476600053R
476600053R
6025170405
7701203719
8200085584
8200129951
472103202R
8200129951
0265231804
8200559749
0265956035
0265234468
8200551143
476600053R
476603625R
476605492R
0265243683
7700432643
0265800498
1009701440
0265800519
476603249R
472108051r
476605718R
472104788R
8200430798
8201065089
8200737985
0265950728
8200685699
0265800498
8200344607
0265800335
0265231333
8200229137
0265800559
0265231804
8200559749
476603625R
7700432643
8200674380
476608644R
1161100100
476601283R
476605492R
7701205407
9404601858
7700820232
7700315090
8200085584
0265950377
8200737986
8200895681
0265231577
8200430798
8200090691
0265950045
476600981R
0204051643
476605476R
476608428R
460915125R
7700804900
6025004479
7701205931
6001547857
6001551028
6025004479
7700787630
7701205740
7701206229
3212321463
7701205931
3212044413
472108051R
8200183495
0265800300
0273004621
0265234000
8200038702
7700846640
0256800335
0273004406
476606898R
0265950300
0265216726
6025314081
7700820232
7701203914
7700430801
9404601978
7700666325
7701349254
6025004479
7700787630
7700701834
7701026030
7700701834
7701026030
7700734129
7702145667
7700820232
7701203914
9404601978
7701205407
7701205484
7701204103
7701206230
3212215213
7700678528
7701349152
7701206229
7701206233
7701207198
7701205815
7701205407
7700665654
7701201353
7700829834
7701204610
7700666325
7700666326
7701205213
6001548945
6001547857
7700820232
8200527390
0265216608
0273004460
7700314962
8200506830
472100453R
8200183452
8200183452
1009601420
8200159837
8200511146
8200747140
476601418R
8200047563
476601283R
8200834969
8200559749
476605492R
476605492R
0265800519
0205800387
0265800559
0265231474
8200344607
4766086444
0625800329
476601283R
476606747R
476603593R
0265254802
8200511146
8200076082
476601203R
8200750700
0265257881
2265106455
476608644R
0265216732
0265800559
8200951816
8200076082
0265800737
476605724R
476605296R
0265801133
476607609R
476606747R
460914024R
476600188R
7700432643
0265801133
0265950117
0265801133
8200330812
8200559749
8200403322
8200085584
0265232077
1009701433
2265100410
0265950454
0265800559
8200551154
0265956035
8200750700
472100453R
8200747140
0265800300
472100005R
746602272R
0265232077
8200559748
8201040536
0265232067
8200674380
8200403322
0265234138
8200344607
8200038695
476608644R
2265100416
7700315090
0265950300
476600053R
476608240R
476602369R
476603625R
8200453735
8200076082
8200076082
476604349R
8200699125
476604349R
8200229137
8200624642
476604349R
0265216726
0273004406
0273004406
476607609R
0265231300
8200001577
476604349R
476607355R
8200403322
0265800559
0265800737
1009481401
0273004329
0265234472
8201065089
8200403322
0265800559
476607609R
476605023R
0265232163
0265956320
8201065089
470600188R
0265231333
0265231333
8200229137
0273004460
476601842R
7701205931
0265956285
476606747R
476607355R
8201163444
7701205484
0265237015
476608644R
0265956285
0265956403
0265800519
0265243683
8200453735
8200430798
8200053422
8200511146
476602272R
8200183452
8200159837
8200511146
8200183495
8200647867
0265950563
2255106516
0265231300
476601283R
0226510041
0265231577
476608644R
0265800387
2265106455
8200559749
8200559749
0265800329
0265231359
0265231516
8200129951
2265106455
478403423R
8200076082
0265243683
476608428R
0265242152
476608428R
0265242152
0265231802
8200559748
476606747R
476605492R
0265956285
476605492R
8200951816
7700432643
8200511146
476605492R
0265231804
8200895687
476600550R
2851524208
0265232067
8200737985
8200951816
0265800737
8200443546
476602272R
476603625R
476935189R
8200837097
0265232077
8200747140
8200747140
0265232077
476604349R
8200747138
1009701445
478400005R
8200551143
0265234000
472108051R
8200076082
0265800839
0265234472
476602079R
476608644R
8200511146
476602750R
5010422336
8200038702
0265950335
476605492R
0265237015
472105487R
472105487R
0265801133
0265216731
0265800559
7700308989
0265257881
7700302426
1009461402
8200099599
0265218880
476603625R
0265231300
8200038695
476602079R
1004961402
472105487R
8200196053
472104789R
472104789R
472104789R
0265231734
0265231474
0265800387
0265950300
8200038702
0273004460
7700315090
0273004341
2265106455
1009601423
8200159837
472105487R
0265243365
0265231300
0265800300
476606747R
0265201074
476608644R
8200902378
8200036532
8200034011
1009481401
8200910008
7700314206
1002070211
8200403322
0273004620
0265216880
0265231333
8200229137
0265216740
0265216608
476608428R
476608428R
8200737985
0265231972
8200747140
0265232077
8200038695
0265800559
8200377455
0265232067
0265801133
476604349R
8200196053
0265956403
476600007R
472104789R
476604794R
472103202R
476605492R
476601842R
476603625R
0265800839
476606747R
8200157453
8200528357
472107616R
8201011838
0204051558
476608497R
8200196053
0265232403
476608644R
8200624642
0265234138
476608644R
0265231474
0265800387
0265800559
8200034011
0265232067
8200344606
0265800335
0265231333
0265231804
0265800559
476608844R
7700482643
0265231300
0265801133
8200511146
0265801018
8200403322
8200756095
472100005R
8200511146
0265237094
0265801133
8200951816
0265232356
1002030014
1009450501
0265800559
8200864695
0265232077
8200747140
8200159837
7700423034
476603625r
8200527390
476600053R
476602369R
472100005R
8200624624
0265234472
8200528357
8200951816
0265234620
8200701499
0265231333
8200229137
8200076082
8200100246
0265231333
8200229137
476603593R
8200747140
0265231474