479102845R
8200735315
479107405R
8200084126
8200583498
8200675274
7700411745
8200675274
479006271R
8200675274
8200675274
479006271R
8200675274
8200675274
8200254681
479006554R
8200254687
6040004542
8200483837
2407115199
7700429113
7700832768
2405400517
8200043135
8200446282
2407115190
7700834762
2407211176
7700411746
7700429113
7700832768
7700411747
7700415681
7700313681
7700411747
7700415681
7700834761
2407211175
7700411745
7700415682
6040004543
8200254687
8200539280
2407115203
7700832776
2407211171
7700429113
7700832768
8200252007
8200274800
7700834761
2407211175
8200583498
7700429113
7700832768
7700411747
7700415681
8200037443
8200274801
7700411747
7700415681
8200037443
8200274801
7700834761
2407211175
479109860R
8200441401
8200274800
8200252007
2407116161
8200446282
7700411746
7700415683
7700834762
2407211176
479006271R
479500005R
8200084126
479500005R
479508802R
7700834761
479104225R
8200675274
8200675274
479500005R
7700416066
479500005R
7700429113
7700834761
8200274800
479500005R
7700834761
479500005R
7700834761
8200675274
7700834761
479500005R
7700416066
7700416066
8200724127
479102845R
479109860R
0265006386
7700301315
8200084125
479102845R
8200084126
8200084125
8200252007
8200274800
8200084125
479508802R
8200735314
8200735315
8200254687
8200254687
479107405R
8200752604
7700429113
8200735315
8200252007
7420812311
479107405R
479500005R
479108892R
479108892R
8200735314
8200084125
7420812311
8200084125
8200084125
8200675274
8200084125
8200084125
8200084125
8200084125
8200084125
0265007532
7700416066
8200084125
8200675274
0265009614
8200675274
8200485061
2405400517
8200043135
8200346992
7700834761
8200404460
8200539280
2407115203
8200583498
8200583498
0265006383
479000931R
479006271R
479109860R
7700411745
2405400517
8200043135
8200346992
8200043136
8200296571
8200307447
2407115177
479103473R
7700416066
7700429113
7700429113
8200037443
8200274801
8200184209
479101292R
8200195825
6040004808
8200212693
479101292R
8200195825
7700313681
6025303224
8200539276
2407115201
8200195825
7700432800
2407115027
7700416065
2407115012
479009927R
8200195830
8200404460
2407115180
8200195832
6040005494
8200195825
479101292R
8200675748
6040004809
8200212696
8200254687
6040004542
479109860R
8200441401
7700834762
8200254688
6040004543
479500005R
2407115197
8200043136
8200296571
8200043136
8200296571
8200404460
7700832777
2407211172
7700429113
7700416066
479102845R
8200043135
8200296570
8200441404
479502046R
8200446282
2407115190
8200446282
2407115190
8200186294
8200084125
2407115094
8200043135
8200346992
8200675755
7700416066
2407115002
479109860R
8200441401
479001745R
6040004527
479004190R
7700411745
7700415682
7700411747
8200084128
2407115097
8200416683
2407115181
8200404460
2407115180
8200446282
2407115190
8200539280
2407115203
8200043135
2405400517
8200416683
2407115181
8200037443
8200274801
479006554R
6040004524
479101995R
0265007534
8200735314
8200735314
479102845R
979101995R
479700004R
8200212693
8200735314
7700415681
7700411747
4410328080
8200274800
8200441401
479500005R
8200675274
7700834761
7700834762
8200675274
7700416063
8200675274
8200735314
8200735315
479108892R
479101995R
479109860R
8200212698
479102845R
8200735319
479000931R
479103473R
479102845R
8200735315
479006271R
479006271R
8200084125
8200735314
479006271R
479104225R
8200675274
7700834762
7700834761
7700429113
7700416066
479102979R
479102979R
479108892R
479004618R
8200441403
8200441404
0265950300
0265234310
479006271R
0265007582