7700834761
7700411745
7700415682
7700411746
7700415683
7700830227
2407311179
6025304654
7700429113
7700832768
2407131109
7700830227
2407311179
7700416066
8200254688
7700834762
2407211176
7700411746
7700313681
7700830227
7700830227
2407131179
7700834762
2407211176
7700416066
2407115002
6025304655
7700830227
2407311179
479108892R
8200735314
8200735315
479500005R
8200735315
479500005R
479108892R
8200441403
479000026R
8200735314
8200735314
0986478864
479111303R
479102845R
0265006711
0265006711
8200724127
8200724127
8200274801
8200441403
479000026R
7700832778
2407211943
8200441404
479502046R
8200539276
7700313681
7700313681
8200084125
2407115094
8200084126
2407115095
7700832772
2407211169
7700834761
2407211175
7700832769
2407511101
8200043135
8200346992
8200296570
7700416063
2407115001
7700416064
2407115011
8200186294
8200084126
2407115095
6040005449
479000735R
8200195828
479009927R
6040005450
8200195830
7700313681
8200735314
8200084128
7700302428
2407116004
8200724127
7700302428
8200735314
479109860R
8200441401
8200416683
8200404460
8200441404
479502046R
479109860R
8200441401
8200274801
8200037443
8200446282
7700823325
7700846639
479009927R
8200274800
8200252007
8200735319
8200724127
479102845R
479108892R
479102845R
8200583498
8200254687
8200084128
479000026R
8200735319
8200735319
479000026R
479102845R
6000618006
479102845R
8200037443
8200274801
8200583498
8200583498
0986478864
8200724127
8200735315
7700846639
479500005R
479507427r
8200675748
7700313681
8200735314
479111303R
8200583498
8200441622
479000026R
7700302426
4410320680
4410327830