479500003R
2407115196
479110965R
8200037443
8200274801
8200675748
7700830227
2407311179
7700425825
2407131106
8200252007
8200274800
2407116161
7700425824
2407131105
479500005R
479500003R
2407115196
7700432671
2407411126
7700302428
2407116004
7700432672
2407411125
479700004R
8200043136
8200296571
2407115152
8200346992
8200043135
8200296570
479503471R
8200084125
2407115094
479503471R
7700411747
2407115194
8200735314
2407115251
7700416066
2407115002
7700832777
8200446282
2407115190
7700429113
7421754792
8200583498
0261210907
7420786441
479503471R