8200704561
8200727569
8200727569
7700410792
8200700132
8200087982
364060001R
364000005R
1987482636
1987482637
1987482411
166711244R
1987482334
1987477786
1987477937
1987477786
1987477937
7700424928
2437271049
8200035047
6001547169
8200042065
8200694022
8200247041
2437271070
8200298383
8200673254
8200247041
2437271070
8200269350
365302756R
8200228347
7700841026
2437271040
365302756R
365311282R
8200247042
8200269348
8200627462
8200298383
8200673254
8200694022
364007808R
7700426005
365304960R
365302756R
8200247042
364006372R
7700424928
8200662794
8200087982
365317404R
8200042065
1987477786
1987482334
7700417050
364060001R
7700432012
364060001R
6025370468
6025370468
8200035047
8200727569
7700432383
6025370468
7700432383
6025370468
7700417050
1987477937
1987482334
1987477937
1987477937
1987482334
1987477937
1987482334
8200263821
8200247042
8200263821
364001202R
1987482639
6025371283
6025371397
6025370467
8200253905
8200002236
169194462R
1987482639
1987482638
8200727569
7700423684
8200021940
364001202R
364000005R
169190397R
7700423684
7700423684
8200727569
1987477786
6025370827
365312075R
1987482386
1987477261
8200229445
365300709R
8200243673
8200247043
8200526870
7700432012
8200243673
8200247043
7700432012
6025371283
6025370467
7700423684
8200694016
8200673259
8200029461
7700311699
6025371283
6025371283
8200229445
6025371283
1987482325
364000004R
365300004R
6025371373
365308900R
365308900R
6025371283
6025370467
6025371283
7700841026
7700823689
1987482547
1987482302
6025371283
6025371283
6025371283
7700423684
1987477616
7700417050
8200577939
8200627462
6025313181
6025370468
6025370922
8200855403
1987477786
6025370922
1987482636
8200029461
7700307718
7700722556
364002234R
8200820595
8200042064
8200694016
8200215962
6001547168
8200214750
8200673249
6001547168
6000073540
6000073539
8200042064
8200087981
6025370827
6025105918
6025105919
6025370827
364002234R
1987477938
1987477616
6025370468
8200673258
8200214750
8200673249
8200042064
8200694016
6001549112
2437271074
8200228260
6000073733
8200035047
8200029461
6025002627
6025171471
7700834651
7700424470
6000073734
6025370827
8200270182
1987477937
364000001R
7700308952
8200694124
8952001153
7700427498
364004671R
364000005R
364024124R
8200577938
364000005R
1987482325
6025370468
6025371373
6025371373
8200673259
6025370827
6025370922
8200042065
8200694022
8200428320
364003676R
8200855403
8200428323
8200214752
7700424929
7700824636
7700421024
364000001R
1987482302
8200247041
7700812525
2437271034
8200214752
8200673248
8200087979
6025370922
7700426006
7700311216
8200214752
6025370922
1987477786
1987477937
1987477937
6025370922
1987477786
1987477937
1987477937
6025370467
6025370922
364006889R
8200855403
8200247042
8200247043
8200247043
7700426006
8200855403
364000001R
8200440514
8200247041
2437271070
7700781394
7700817136
365311282R
8200745723
364004671R
365302756R
1987482325
365300008R
364000001R
6025371373
8200935175
8200526870
8200855403
6025370922
8200526870
8200855403
364000005R
8200727569
8200727569
364060001R
2437271082
364024124R
8200727569
2437271000
364060001R
364024124R
2437271080
8200700461
2437271065
2437271081
2437271064
364007808R
7700432012
8200526870