8200343471
8200311379
8200522625
8200702092
8200704561
360105917R
8200311379
363210001R
8200270265
8200316574
8200418647
8200254519
8200302853
8200522628
360105917R
8200611957
8200270265
8200321029
8200321029
8200610146
8200522625
8200368603
8200273004
360105917R
8200610146
7420813850
8200273005
9617232080
8200702095
360109431R
8200273004
5010422400
360106834R
8200540724
8200273003
8200688676
8200048592
8200511957
8200321029
360105245R
360106743R
5010422403
8200734628
8200522625
360105651R
8200734627
360101516R
8200522625
8200316575
8200734627
8200450852
8200571486
8200702092
8201070418
360101516R
8200522625
8200522625
364060001R
8200734628
8200702092
8200704561
8200734627
8200734628
8200734628
8200450860
8200522625
8200522625
8200522625
8200450860
8200702092
8200522625
0481016204
8200396850
8200418647
8200734627
8200702092
8200571485
360106795R
8200418647
8200522625
8200418646
8200418646
8200311379
8200522625
7420813845
360107552R
5010422400
8200396850
8200316575
360106791R