8200674691
8200674686
8200621862
8200674688
8200674686
8200621863
8200674691
8200674688
8200621860
8200673555
8200621862
8200214946
8200621863
463150017R
8200674686
463160004R
8200674688
8200674686
7700302379
7700302379
7700302380
7700302380
8200621858
463160004R
8200058949
8200214942
8200214942
8200674691
463150004R
1987476044
8200674691
8200621863
1987476044
1987476044
8200441201
1987476067
1987476065
5010422341
474019013R
474010001R
1987476044
8200097966
8200674691
474018736R
1987476044
5001014972
5001014972
1987476044
1987476044
1987476044
1987476044
7700434787
7700434787
1987476067
1987476065
1987476065
8200057462
8200057460
1987476065
1987476067
8200057462
8200057462
8200673552
1987476067
8200062202
8200058949
1987476067
1987476065
462104785R
1987476065
1987476065
1987476065
1987476065
1987476065
1987476065
1987476067
1987476067
463169296R
7700302380
8200086894
8200058949
8200129954
8200597210
7700302380
7700302379
7700302379
8200062202
2452670625
7700832611
474017136R
7701050073
8200256166
8200441654
8952007587
462100001R
7700804814
7700304969
7701050070
7700434787
2452670626
462107756R
8200057460
8952007587
8200057460
8200404264
8200003478
8200698562
8200020558
6025307608
8200679271
8200057460
8200621862
8200621862
0265800335
8200058949
7701050070
7700423975