8200292295
360105917R
8200316575
8200273004
8200343471
8200418646
0486205017
479700004R
8200418646
8200316575
9730112060
5010422343
4324150380
9617232080
0486203017
5010633321
0486203002
9254921020
1485515023
0486204002
5010422019
4721950160
9253201540
4729000530
0486203030
0486205017
5010525450
0472195016
8200183452
4721950160
474015600R
0486204002
0486204001
4614945120
5010525216
0034313505
5010422345
4757111550
0486205017
5010457619
4341002570
5010422743
0486203028
5010457556
5010633321
0486205006
4613151500
7421434396
9347141300
1003536010
0486204001
0486204001
0486203004
4614945000
5010457151
0486204021
4721950100
5010422743
0265351118
4721950180
4721950160
0265351108
0265801165
0486203028
476607355R
7700856416
4728805706
0486205017
7700428821
7700827866
4729000530
7700839322
7700428821
7700827866
0265956527
2265106455
8200049591
5010056685
4757215010
8200243735
0265956285
0486203017
5010457257
8200343471
5010457557
4757215000
0486200104
0273004331
5010525808
0486203030
8200450860
8200418646
8200611957
8200522625
8200702095
9347140146
0486203002
5010612854
8200610149
9650010110
8200403322
0486203030
4728800010
487002725R
5010545581
462266918R
9347141300
5010260496
5010260705
5010457434
0265231300
4729000530
8200292295
8200396849
8200522625
8200418647
8200316575
5010633321
0486204001
5010344186
0486020001
0486205017
5010457619
8200292295
0486204021
5010457558
8200254519
0486204026
8200498693
0486203030
0486203028
5010457556
8200704561
360101516R
8200451237
5010422343
5010422343
8200734627
0486203002
0486110011
5010457873
0486203034
0486204002
0486204023
5010457558
146505272R
0486200101
5010612854
5010633321
5010457558
0486204021
0486205017
4729000530
5010457556
0486203034
5010612854
4801061050
0486204026
7422358799
0486204002
5010344186
5010457556
0486203028
474015600R
0486203030
5010457557
0486203031
5010457557
0486203017
5010457257
0486203004
5010457146
0486203030
476607355R
0486204001
4728800030
0265351118
4728800010
5010612854
5010457146
0486203004
4341002570
5010525216
5010260940