8200285798
237310300R
0986280412
8200285798
8200285798
8200033686
8200285798
237310135R
0232101030
8200567414
237310776R
8200647554
8200396919
7700101969
237962295R
0986280412
8200370572
0986280433
7439146108
0232101030
7439146108
5148990000
0986280433
0986280433
0986280412
0986280412
0986280412
0986280412
5148990000
0986280433
0986280433
0986280433
0986280433
0986280433
0986280433
0986280433
0986280433
0986280433
0986280412
0986280433
111452903R
8200370572
7700872494
8200285798
7439146108
8200285798
8200285798
8200285798
8200033686
7439146108
7701058077
8200285798
0648471890
7439146108
7439146108
8200285798
7439146108
9642105380
8200396919
7439146108
8200033686
8200285798
7439146108
8200285798
8200647554
7700101969
237318108R
8200789628
8200823650
7700872494
0281002458
0281002406
0986280412
8200567414
237310300R
237317135R
237318108R
8200789528
8200156362
8200789529
237317626R
8200647554
8200033686
237962295R
161206038R
7700101969
8200156362