7700111951
8200251569
8200277233
7700108817
7700100779
7701474362
8200073935
8200073935
130246645R
130253326R
8200810828
7700108671
8200782671
7701478037
8200413951
7700107401
130259227R
130252707R
8200758088
130252707R
7701478037
8200585577
7700111951
168015018R
130258860R
130253326R
7701478505
7701477098
8200810828
130241751R
7701478505
7701474362
7701478079
7700108817
130259227R
130249082R
7701478459
7701478037
7700718503
8200548227
8200020968
7700274413
7701471374
8200793248
130257094R
8200782671
7700111512
7701478037
130252707R
7701478459
7700111951
130242580R
8200552236
130259227R
130253326R
8200371496
130251361R
130252081R
130250457R
130257094R
130242580R
130242580R
8200053729
7701476570
8200782671
7700108671
8200539619
8200053729
7701476570
7700104342
130246645R
7701478079
6001545392
7700107401
8200782671
130246645R
8200782671
7700104342
8200277233
7700111951
130241751R
7701477098
8200277233
7701477098
7701477098
8200782671
7701478505
7701477098
8200782671
7701478459
7701478459
8200945035
7701478459
7701478459
7433531523
7700107401
130252707R
7700866844
7701477098
7701477098
7701477098
130259835R
130253326R
7701478505
130259835R
130263326R
7701478459
130241751R
8200013997
8200277233
8200277233
8200782671
7701471374
8200548227
7700104342
7700866844
1083301007
7701477098
130249082R