8200064417
7700105102
5435970001
5435970001
8200398585
8200348244
5435971000
7700105102
8200347344
5435970000
5435970000
8200091350
5439970007
8200347344
8200054417
8200398585
8200191437
8200267138
5435970001
8200110519
5303988005
8200398585
8200221363
8200398585
8200091350
8200348244
5435970001
5435970000
144106351R
5435970001
8200575462
5435971001
8200332125
7700111278
8200332125
8200256077
7700107795
7700108030
8200356205
5439970007
8200054417
8200638766
8200398585
8200046681
8200347344
8200347344
8200091350
144108035R
5439970007
8200347344
5303988005
8200356205
8200864984
8972409266
5435970001
7700105102
8200398585
8200638766
5435970000
5435970001
8200483650
7700107795
8200447624
5435970004
7700658124
5435970001
5435970001
5435970000
8200108052
7700105102
5439101508
5435971001
8200459638
8200459494
5435970001
8200638766
7700866502
8200113839
8200054417
8200466021
5435971000
5435970001
8200332125
8200381645
5439970007
5435970001
7700105102
7086399010
8200347344
5010412597
144117533R
8200221363
5435971002
8200113839
7701352801
7701469726
7700866502
8200267138
5435970000
5435971001
144117533R
8200052297
149568021R
5435970001
8200221363
5435970000
8200178919
144119263R
5435971002
5435971001
9686120680
8200267139
8200561269
8200396585
5435970001
8200091350
8200638766
8200369581
7700108030
7700107795
7700108030
8200347344
8200114015
8200638766
5435971002
5435971002
8200799760
8200347344
5435970000
7700105102
5435970001
5435988000
5435970001
5435970003
8200545354
5303970005
5435970000
5435970002
8972409266
5435988000
8200575462
5439970000
8201234380
144119263R
5435970001
5439970007
8200398565
8201234380
8200575462
8200466021
8200267138
5439970007
8200864964
8201164371
144106434R
8200369581
8200398585
7700108030
8200381645
5439101506
144117533r
144108762R
8200046681
5439970003
8200466021
7700108030
7700108030
144106434R
5435970003
8200638766
151928776R
8200398585
5439970003
7700101141
5435988000
7700108566
8200347344
8200502013
5435971007
7700108030
144106434R
5435970002
7700105102
8200466021
8200864984
8200347344
8200458162
5439101507
5435970000
8200347344
8200091350
8200347344
8200369581
5435970001
5435970001
8200100284
8200347344
7700108030
8200347344
8200466021
5439970008
8201234380
8200052297
5435970000
8200110519
8200575462
144108035R
8200054417
8200466021
8200466021
8200267138
144109240R
8200864964
8200447624
5439970007
5435971000
8200054417
8200864984
5435970001
5439101508
8200638766
7700108864
8200347344
5439970008
8201234380
5435970001
8200347344
5435971002
5439970012
8200347344
5435971002
8200638766
5439970003
5435970001
8200347344
5435970001
144106434R
233003359R
7700108030
5433597000
7700101141
8201234380
8200221363
8200483650
8200114015
5435971002
8200398585
8200398585
8201234380
8972409267
5439101508
8200356205
5439970003
8200069567
8200347344
8200575462
8200114015
5439101507
8200348244
5439101507
8201051043
7711497401
8200695785
7700100030
8200114015
7700108030
5439101508
5435970001
5435971002
5435970000
8200398585
8200466021
8200332125
5439970000
5439101506
5435970000
8200178919
8200544911
8972409267
8972506762
5435971000
8200799760
7701476620
7701477162
5439970008
5435971002
8200348244
8200381645
5435970000
5435970002
5304101516
8201439411
8201164371
8200638766
8200483650
5439970000
7700668124
5439101508
8200091350
8200388585
8200447624
5435970001
8200347344
8200347344
7701044612
8200347344
8200822404
144106351R
7700104130
5439970002
5439101508
8200483650
8200638766
8200396585
8200638766
8201124245
144117533R
5439970008
8200575462
5435970000
5435970001
149568021R
8200398585
8200396585
5435971002
5435970001
8200359989
7700108866
5304101516
8972409267
8200638766
8200219163
8200799760
7700106069
8200398585
8200583885
8201124252
8200695786
8200741528
7711497401
8200695785
8200741529
8201051043
8200638766
8200638766
8200347344
5439970005
144103742R
8200347344
8200741529
8200741579
8200741580
8201051043
8200398565
8200398565
8200398585
5303990004
7700869488
8200447624
5435971002
8200447624
5439970007
8200347344
7701476620
7701477162
7701478918
8200583860
8200447624
8200178919
5435970001
8200396585
5435970001
5435970001
8200267138
144103742R
5435970001
5435970001
8972409266
5435970001
8200347344
8200347344
8200199304
149568021R
8200799760
8200100284
8200741529
8200741579
8200741580
8200638766
5435970001
5439970003
8200741529
8201051043
8201124245
5435970000
8201051043
7711497401
8200695785
8200741529
8200741579
8200741580
8200741529
8201051043
8201124245
5435970002
5439970012
8200052297
5435970001
8200267138
8200459638
8200447624
8201234380
8200575462
8200447624
8200575462
8200447624
8200741529
8200741579
8200741580
5435970001
8200221363
5439101508
8200864496
8200638766
8200741529
8201051043
8201124245
8200069567
8201234380
5435970002
5435970001
8200447624
5439970003
8200178919
8200864984
8200864984
8200347344
7700101141
8201124252
8200695786
8200741528
5435970001
5435971002
5435971001
144119263R
5435970001
8200267138
7701476620
7701477162
5439101508
5435970001
7701476620
7701477162
8972409867
8200347344
5433970003
7701478918
8200583860
8200583885
8201124252
8200695786
8200741528
8200347344
8201051043
7711497401
8200695785
8201124252
8200695786
8200741528
7701478918
8200583860
8200583885
8200392585
8200221363
5435970001
8200347344
8200864964
8200459492
8200396585
8200575462
7700865271
5435970001
7701478918
8200583860
8200583885
7700866502
7701476880
8200392656
8200478276
5435970000
7701476880
8200392656
8200478276
8200110519
7700108864
8200178919
8200052297
7701478918
8200583860
8200347344
151981816R
151986192R
151987167R
8200221363
8200267138
151928075R
151984592R
151980558R
7700108030
7700107795
5439970007
8200347344
5435971002
8200221363
8200636766
5435971002
1635970001
5435970001
8200369581
8200545354
8200141188
8201234380
8200458162
8200827854
8200544911
210457368R
7700105102
1641101477
144117533R
5435998002
8200575657
144985838R
144985838R
151983009R
8200208708
5435970002
7701473551
5303988001
5435970001
8200369581
5435970000
5439970007
144117533R
8201164371
144103742R
8200507852
8200507852
7701476891
8200458162
8200267138
8200466021
8200600122
8200348244
8200799760
144117533R
8200348244
5443101476
5439101507
8200326548
5435970000
8200483650
5435970002
8200545354
8200638766
8200507852
8200507852
7701476891
8201164371
7700101141
8200447624
7700104130
7701044612
5303988005
8201043883
8200466021
151921411R
5303970004
7700666502
8200638766
5439998007
8200889694
3972409266
7700105102
9200638766
5435970001
5435988001
5439101507
5435988001
8200889694
8200392656
8200478276
7701476880
5435988000
8200268257
8200268257
8200638766
144119263r
8200638766
8200267138
7700104130
1635970001
5439970007
8201164371
8200052297
8200267138
5435970001
8200113039
5439101507
8200267138
8200114015
8200658766
5435970001
5435971002
7701477161
5439101507
8200398585
8200447624
5439970003
8200638766
8200638766
8200483658
7700866502
8972409266
8200369581
5439970008
8200054417
5435971002
7086390002
5435971002
8200221363
8200369581
8200054417
144119263R
5439970007
8200864964
7700105102
8200348244
8200091350
8200466021
5439970007
8200638766
5439970007
8200100284
5439970007
8200398585
8200545354
8200221363
8200483650
8200381645
8200267138
8200267138
7700108030
5439970007
8200054417
8200054417
5435970000
5439101508
8200267138
8200046681
5435970001
144103742R
5435970003
5435971002
8200638766
5435970000
8200822404
5435970000
8200046681
5439970003
7700108030
5438970000
8972409267
7700108030
1635970001
8200466021
8200822404
8201165362
5435970000
5435970000
5435970000
5304101516
8200271823
8200199304
5435970003
5435970000
7700108030
8200046681
5435970001
8200267138
8200381645
8200332125
8201234380
5438970000
5435971001
8972409267
5435988000
7700105102
8200347344
8200221363
5435971001
5438970002
5435971000
8200458162
5439101508
8200221363
8200466021
8201235691
8200447624
8200369581
5438970001
5435971000
8200459638
5439970007
144103742R
8200396687
5435970001
5435971001
8200799760
8200447624
144108035R
8200267138
8200114015
8972409267
5435970001
8200091350
5435970000
5438970000
5303988005
8200347344
5304101509
8200347344
5435970001
7700108866
5435971002
8200046681
5435970001
5435970001
144103742R
8200178919
5435971002
5435971002
144103742R
5435970000
5435970001
8200538802
8200091350
144106351R
8200221363
8200538832
7700267717
8200178919
8200638766
5439970012
5439970007
144119263R
5304101506
5439101507
8200638766
8200466021
8200356205
8200113839
5435971000
5438970000
5438970000
7700101141
5438970005
8210420012
0200091350
8200347344
8200256077
8201234380
5435970000
8200799760
5435971000
5435971000
8200052297
5439101508
8200199304
5435971000
8200447624
8200199304
5435970001
5435970002
5435970001
8200398585
5435971001
8200398565
144117533R
8200575462
8200447624
5435970001
8200113839
7700111278
8200398585
5435970001
7700100030
8200267138
8200459492
5435970000
5439101507
5439101476
5435970000
8200113839
8200267138
8972409267
5439101508
5439101508
5439101508
8200054417
8200393667
5435971002
7700103030
5435970001
7700108030
8201234380
8200638766
7700107795
7700101141
5435970002
5435971002
5443101476
8200332125
8200466021
8201234380
1304050046
5435971002
5435970001
5435970001
5439970008
5435970001
8200864984
5439970007
8200398585
8200398565
5489101508
5435970001
5439970008
8200822404
5435970001
5439101507
7700108866
5435970000
8201234380
5439970008
5435971002
5439970007
5439970000
8200545354
8200267138
5435970001
8200052297
8200178919
8200638766
8200822404
5435971000
8200447624
8200267138
5439970012
8201164371
5435970004
7700108030
144119263R
5435970001
5304101506
144106351R
5435970001
8201234380
5435970003
5435970003
8200466021
8201164371
8200447624
144108035R
8200398585
8200267138
144103742R
8201234380
5435970001
5439101508
5439101508
5439970008
8200799780
5304101516
5439101507
8200267138
8201234380
5438970001
8200822404
8201234380
8200178919
7700108866
5435971002
5439970003
5439970007
8200267138
144117533R
8200024668
8200069567
8200638766
8200575462
5435970000
5443101476
5435970003
5435970000
5438970000
8200381645
5437970003
5435971002
8200114015
8200100284
8200381645
8200091350
8200398585
5435971002
5435971002
5435971002
5439101508
5435970001
8200895534
8200221363
1635970001
5304101516
8200113839
1635970001
7700105102
144119263R
8200091350
144103742R
8200347344
144103742R
5439970007
144117533R
5439970007
144108762R
8200799760
8200267138
5435970001
144119263R
8201234380
0281457010
144103742R
5435971002
144108035R
144106434R
144100054R
5443101508
5439970000
8201439411
8200834734
5435730000
144103742R
9682778680
144103742R
8200091350
8200466021
8200332125
5439970007
7700866502
8200338205
5435970000
5435971002
2820900280
144106351R
144119263R
8200398585
8200369581
8200347344
8200381645
5435970001
5439970007
8200638832
144108035R
144108762R
5435970001
5435971002
8200381645
8200544911
5435971002
5439970008
144103742R
5439970000
5439101507
144117533R
5435971002
5435988000
5435970003
144103742R
8201164371
144103742R
0281002399
5435971002
144106351R
8972409267
8200267138
144119263R
8200369581
5439970007
5435971000
5439970000
8201164371
5439970000
5303988001
5439970000
5439970002
8201234380
5435970000
5435970001
144119263R
5435971001
5304101506
7700105102
8200799760
5439970712
5435971001
8200091350
5439970007
5435970001
7700105102
5435971002
5443970012
8200466021
8200347344
7700105102
5435971001
1635970001
9435970002
5435970003
5435971002
5435970000
5439101508
5439970008
5435971002
144103742R
8200447624
8200069567
5435970000
5439970003
5435970000
8200347344
8200347344
5435970002
8200100284
5435971002
8201439411
7700105102
144103742R
5435971002
5435988000
5435971002
5435971002
144119263R
5435971000
5435988000
144103742R
7700108948
8200054417
5435971002
8200221363
7700105102
144117533R
8200575462
5435971002
5435970001
5435970000
5435971002
144108035R
5439101507
5435971002
144117533R
8200347344
5439970007
5435970000
5435970000
144108762R
8200483650
5435971001
8200267138
8200638766
5439970008
144106434R
5435970001
5439970007
0445110414
8200458162
1635970001
1635970001
8200799760
8200447624
8200864964
5304101516
5435971002
8200864964
5435971002
5435970001
8200447624
8200466021
5435970001
8200799760
5435970001
8200459492
5435971002
144103742R
8972409267
9686120680
144117533R
8201234380
5435970001
5435970001
8200100284
8201234380
5435970001
8200636483
8200638766
7701473757
5439970007
8200447624
8972409266
5439970008
144117533R
5435970001
8200447624
5443101476
5439101508
8200447624
8200396585
5435971001
8201329433
5439970003
144108035R
5316988673
8200256077
7700872215
5435970001
8201164371
5439970008
7700105102
144117533R
5439970003
5435970000
5435970001
5435970001
5435970001
5435970001
5443101476
8201164371
8972409266
5439970012
8201164371
5430910150
5435971002
5435971002
7700108030
5435970001
7700101141
8200256077
5435971002
5435971002
5439970012
5435971002
5435970001
8200332125
8200447624
8201164371
5439101507
5439970003
5435970001
5439970002
5439970008
5435970001
5435971002
5435970001
7700108864
8200466021
8200348244
8200864984
8200208708
1635970011
8200100284
8200221363
8200267138
5439970007
7700109030
0445010075
5435970004
8200447624
5435970002
144117533R
8200267138
5435971002
5435970001
144117533R
144106434R
5439970003
8200447624
5804101516
8200267138
5439970012
8200447624
5439970007
8972409266
8200799760
5439101508
8972409267
5439970008
8201164371
5439101476
5435970000
144103742R
144108035R
8201164371
8020039858
5435970001
8201234380
1635970001
8201234380
144106434R
144117533R
5439970008
5439101507
5439101508
8200575462
5435970001
5435970001
5435970000
8200545354
8200483650
5435970001
8200483650
9677063780
144108035R
5435970000
8200347344
144103742R
8200638766
8200545354
8200799760
5435971002
8200864964
8200398565
8200147624
8200459492
7700709838
5438970000
144103742R
5439101507
8200864984
5435970001
144108035R
8201234380
8200348244
9654919580
7700111278
5439970007
5435971002
5439970012
5435970001
5438970001
8200447624
7700853065
8200486264
8972409267
5439970002
8200267138
5304101516
8972409267
8200178919
8200110519
8200110519
8200113839
8972409266
8201164371