5303970001
5439101507
5435970000
7701473122
8201393211
5303970001
8200864964
5304101516
5439970000
8200478276
5435970001
144106434R
5439970007
5439970003
5435970000
5303970001
5435970001
8200822404
5001855042
5439970003
5439700012
8200447624
7711134877
8200447624
144106434R
5439970012
5435970000
5435970000
5001855042
7701473437
7701474327
7701475282
8200267138
7701473437
7701474327
7701475282
8200267138
5303970004
7711135039
7701475135
7701476183
7711368163
7711135039
7701475135
7701476183
7711368163
7711135039
7701475135
7701476183
7711368163
7711135039
7701475135
7701476183
7711368163
8200204572
5439988002
8200204572
8200578315
5435970000
5435970000
5435970000
8200204572
8200204572
8200578315
5439710051
8200447624
7711134877
8200447624
8200473786
5438970000
8201235691
5303988001
5439970008
5303988001
5438970000
5439970008
5435971002
5303970005
5439970008
5303970005
5439970000
5438970000
5435970000
5435971002
5435988000
1635970002
5435970000
5435970000
5303970005
5438970000