8200054417
5439970006
8200638766
8200638766
8200466021
5438988000
5439970012
8201329433
1635970001
5438988000
5435988003
5435988003
5439970002
5438988000
5314988644
8200381645
144108762R
5435970001
5435970000
5439970007
5439970007
7700105102
5438988000
5438988000
8200369581
5435971002
5439970007
7086399010
5439970007
5438970000
5303970001
8200483650
8200091350
5439970002
8200399585
8201164371
5439988007
5435970000
5439101508
8200409830
5438988000
7701476891
5435971001
5439988007
8200478276
5435970001
8200478276
5435970001
5435970000
8200478276
5435970001
5439101508
7701476891
5435970001
8200478276
5435970001
8200478276
5435970001
5435970000
8200405203
8200507856
7701476183
8200625683
5439970003
8201393211
5435970000
5435970001
5439101507
7701476891
5435970001
8200405203
8200507856
8200478276
5435970001
8200483650
8200405203
8200507856
7701476183
8200625683
5435970000
5435970000
5435970000
5435970000
5435970000
5435970000
5435970000
5435970000
8200846770
8200846770
8200588232
8200552213
5439971008
8200846770
8200588232
8200552213
5439971008
8200184484
5435988000
5435970000
5435970000
5435998002
5438970000
1641101477
5303970001
5438970000
5435988000
8200483648
5439970000
5435988003
5435998002
5435988000
5435970000
5435970000
5435970000
5435970011
7086399010
7180895008
7086395011
5439970012
8200054417
9674962080
5439970012
5435970001
5435970000
5435970000
5435970000
5435970000
5435970002
8201439411
5435970002
5435970002
5435970002
8200466021
8200822404
8200822404
5438970000
5303970001
8200483650
1635970002
8200638766
5438970000
5438970000
5439970007
5438970000
5435970002
5303970001
5438970000
1635970002
5435998002
5435998002
5435988003
144114521R
144113163R
7711368562
8200507852
8200315504
5435988001
5435970003
5435970001
8200882916
7701476891
5435998003
5435998001