5435970000
5438970001
5439970012
5439970012
5439970003
5439970012
7517680001
5435988000
5435970000
5439970012
7517680001
8200256077
144100054R
5435970000
5435971002
5435970000
5438970000
5438970000
8200638766
8200398585
8200475873
5439988003
5439988003
5439988007
5439988003
7701476891
5435970001
5438970000
5435970000
5435988000
5435990000
7701473122
7517680001
5435971002
5439970012
8201054152
5435988000
144106351R
5435970001
8200178919
8200332125
5439988003
5439988007
5439988003
8200398565
8200683857
7517680001
8200184484
144119263R
5439970002
5439988007
5439988003
144103742R
144108035R
7517680001
8201329433
5438970000
5438970001
7517680001
7517680001
7517680001
7701476891
5435971002
5439988003
7711368560
8201164371
144119283R
7711368560
5439988003
5439988003
5435970000
5439988007
5439988003
5439970003
5439970003
5439970003
5439970003
144119263R
144116213R
8200398565
8200683857
5439988007
5439988003
5439988007
7701476891
5435970001
8200683857
7701479254
5439970003
7711368560
5439970003
144103742R
8201234380
144103742R
8201234380
144103742R
144108035R
5439988003
5304101516
8200760281
5439970003
5439988007
5439970003
5439988007
5435970001
5439988007
5439970003
5439988007
5439988007
5439970003
5439988003
5439988007
5439988007
5439988003
5439988007
5439988003
5439988003
7711368774
5435970001
5438970000
5439970002
5439970002
7711368774
7711368774
5439970012
5439970012
5303970041
5439988003
5439988003
5439988003
5439988003
5439988003
5439988003
5303988005
5435970000
5438970000
5439988003
1641101477
8201165362
8201164371
1635970002
5438970001
7711368560
5439988003
5439970003
5439970003
5439970003
1635970002
5439988007
5439988003
5439988003
5439988007
5439988007
5439988007
5439988007
5439970003
5439970003
7711368560
5439988003
5439988007
5439988007
5439970003
5439970003
7711368560
5439988003
5439988007
8201067824
5439970003
5439988003
8201067824
5439970003
5435970003
5439988007
5439988003
5439988007
5439988003
5435970000
5435970000
5435988000
5435988000
5439988007
5435970000
5435988000
5435988000
5435988000
8201235691
5435970001
5435970001
5435970000
5435970000
5435970000
5438970000
5439988007
8201164371
5435971002
5438970000
7517685005
5439988007
1635970002
5303988004
5439988007
5438970000
8200483650
8200369581
5435970001
5435970001
5439988003
5439988003
5439988003
5439988003
5439988003
5439988003
5435988003
5439970012
5435970000
5303988005
7711368560
5443101477
5431970000
5435988002
5439970008
5439988002
5439988002
5438970000
5303988005
5438970000
8201329433
1635970002
5303988005
8200184484
8201439411
5438970000
5438970000
5439970003
5439988003
5439970012
5439970012
7711368560
5439988003
5439988007
5439970003
5439988007
5439988007
7711368560
5439970003
5439988007
5439970003
5439988007
5439988007
7711368560
5439988007
5439988003
5439988007
5439988003
5439988007
5439988003
5439988007
5439988003
5439970003
5439988007
5439988003
5439988007
5439988003
8200638766
5431970000
5435970000
5438970000
5438970000
8200054417
5435970000
8201164371
5439970007
5439970007
5439998012
5439970008
5439988012
5439970012
5439970002
7701467960
7701351874
7700653065