5435970001
5439970007
5431970002
8200447624
8200638766
5435970000
8200823023
8200433479
5439970003
8200466021
5438970001
8200256077
8201371489
8200466021
5438970000
5439970003
7701474413
7711134674
8200052297
5435970001
1635970002
5435970000
144119263R
8071010013
5439988007
5439988007
8200459492
5439988007
5439970003
144100054R
5435970001
144119263R
8071010006
144109240R
8071010013
5435970000
8201371485
5435971000
7701478939
8201235691
5435970001
5438970000
5438970000
144119263R
8200483646
5439970007
5303988005
8201062591
4937707303
8201235691
8201371485
5439970000
5439970000
5438970000
5435970000
5439970007
8201235691
5439970002
5435970000
5435970000
8200466021
5439970007
5439970007
8200466021
8201067824
5439970007
8071010006
5439970007
8201235691
5435970003
8200052297
8071010013
144108035R
5438970000
5438970000
4937707303
5439970000
5438970001
8200483650
144106434R
8200638766
144106434R
8200799760
5438970000
5438970000
5438970000
5438970000
5438970000
7711135037
5438970000
8200256077
144105784R
5438970000
5438970001
5438970001
9660641380
5438970000
5443101476
5435970001
5435970001
5438970001
5435970000
5438970000
5435988000
5435970002
8201067824
1635970002
8201067824
5438960000
5439970007
8973717813
5439970007
5439970007
8201165362
8200889694
7712801085
5438970000
5438970000
5438970000
5438970000
5438970000
5438970000
5438970000
5438970000
5438970000
8200347344
5435970002
5438970000
5438970000
8200575462
5438970000
7627855004
7748330001
5439970007
144109240R
5438970000
5439988007
8200483650
5438970000
144105447R
5438970000
144104103R
5303970041
5438970000
5435971002
144110429R
5435970000
5438970000
5439970007
5438970000
8200638766
5438970000
5303101517
8201439411
5438970000
8200822404
5439970003
5439970007
5303970005
8200822404
8200799760
8200398585
8200054417
5439998012
5438970001
144106434R
5303970041
8201165362
5439970007
5439970007
5438970001
5303970004
5458970000
5439970008
5435971002
1641101506
144106434R
5438988001
5438970001
5438970000
7701475399
1641101506