7701478862
7701478862
8201393211
7701478862
8201393207
7701478607
7701478859
7701478862
5303988005
5303988014
7485141936
8200678766
5304990048
7485123892
7711135749
8071010001
8200827854
144113163R
7701478422
144113321R
144113321R
144113321R
144113321R
144113321R
5303970041
5303988014
5439970007
8201439411
7701473122
144109364R
8201235691
8201164371
8071010018
144106434R
5303970041
144113321R
8201393211
8200994322
8200459638
8200769142
8201124840
8200483648
8201380020
7711135749
7701478862
8200256077
7701477422
7711497387
144109240R
8200994322
8200256077
144117462R
144101946R
5439970007
7701473757
4317400100
7627855004
144110920R
144104495R
1641101506
5439970007
8200625683
8013740003
8201164371
144109364R
144109364R
8200910077
5439970007
8201062591
144106434R
5439970007
144113321R
144113321R
144113321R
144113321R
144113321R
144113321R
144113321R
144113321R
144113321R
144113321R
144113321R
144113321R
144113321R
144117462R
7701478607
144117462R
5438970000
8071010018
144106351R
8200256077
8200683865
7701478607
144113321R
144119263R
8200823026
7711368774
8200766344
144110920R
144104495R
8200870469
8200611413
8200766761
8200683865
8200683865
4317400600
5438970001
5439970007
8200625683
5439970007
8200625683
5439970007
8200625683
5439970007
8200625683
144116213R
144117533R
5439970007
8200625683
5439970007
8200625683
5439970007
8200625683
8201380020
7711134973
5303988001
5435988000
7701473757
7701473757
144116213R
144117533R
144110782R
7701478607
5001859132
5435988000
5001859132
8071010018
5001859132
5435988000
8071010008
8013745003
5435988000
8013740004
7421438563
144106434R
6070900100
144116137R
8013745004
6070900100
144119263R
5304101516
144105414R
144105720R
144103139R
144109240R
144113321R
5435988000
5435988000
7711497146
144119998R
8201164371
144105720R
5303970028
144110429R
7701478939
144110429R
7701478939
8200683854
144112505R
144119953R
5303970041
5438970000
6220900080
144117462R
7711368112
8200822404
5435988000
8201235777
7701478939
5303988039
8200683860
5438970000
5438970001
5438970000
5438970001
144114521R
6260900400
6220900080
5010437727
7180890005
8200091350
8200084399
7700105102
8200348244
144109240R
5303970004
5303988004
5303990004
7701472228
5404970000
144109240R
5326998000
5440970000
4918907803
144109281R
5439970012
4918907803
8200822404
7711368748
4918907803
5439970007
8201393207
5304970022
5438970001
5314988702
5438970000
5439998009
7701351065
5326988608
144109501R
1258988004
5431970000
5303970041
5438970000
5439998009
8201165362
8201380020
5303970041
8201380020
5438970000
5327988600
8200817427
5431970000
5439970003
5438970000
5435970000
8201062591
5439970002
5439970012
5439988008
5304970005
1205070093
1205070093
1205070093
1205070093
1205070093
5439970002
5303970012
5303970041
1205070093
5438970000
144117969R
8201371489
1641101477
8201380020
5303970041
144118020R
5439970000
5435971002
8201124252
5303970019
5438970000
8200799760
144109240R
7701473122
7701473757
9804945280
144106052R
5439970007
8200091350
8200084399
7700105102
8200348244
5303970004
5303988004
5303990004
7701472228
5439977001
8200683854
5438970000
5438970000
7701476048
7701473520
5303970041
5303970041