7701207672
410608713R
411203690R
0986466346
0986466346
0252491418
0252491418
0252491418
0252330218
0252330218
0252330218
0986467720
0986494056
410605612R
0986494056
0986494043
0986494331
0986424774
0986424774
0986461765
440608061R
7701209077
0986494592
7701208422
0986494056
0350598537
0986467720
6025071042
7711130086
0986467720
0986424021
0986494043
2361300703
0986424785
440605839R
0252330218
0252317218
6000008895
0986494056
0986494735
1304605801
410604441R
0986494391
0986494452
0986494384
0986494040
1304607137
1304604986