8200392683
8200392683
8200699517
8200767762
8200767762
8200014245
7700115309
123031777R
123034219R
8200386445
7700107145
7700104292
8200392683
8200313231
123034219R
8200699517
8200767762
8200392683
7700115309
7700113018
8200023592
7700875328
7700875328
8200392683
210510501R
123034219r
7700115829
8200361247
123033245R
8200079183
7700115766
5600632541
8200552236
7700115309
8200185800
8200585574
8200185800
8200552236
8200185800
8200185800
8200767762
8200767762
7700113018
123033245R
8200699517
7700115309
8201088953
8200392683
8200361247
7700112999
8200552236
7700115309
7700113018
7700115309
7700113018
7700115309
7700115309
7700113018
8200523072
210510501R
8200767762
7700115309
7700113018
8200313231
8200477938
8200523072
8200361247
8200207437
8200185800
8200185800
210516513R
7700104292
7700115309
7700113018
8200392697
8200036888
8200545437
7700115309
7700113018
8200477938
7700104292
8200523072
8200523072
7700104292
7700104292
7700104292
8200313231
7700104292
7700104292
7700104292
7700104292
7700115309
7700113018
7700115309
7700113018
7700104292
8200185800
8200185800
7701477502
8200477938
7700853470
7700115309
7700113018
8200313231
7700112999
8201088953
7700115309
7700113018
8200523072
8200523072
7700273916
4318300400
7700115309
8200162182
8200392683
8200523072
8201088953
7700111040
7700115309
123033245R
7700862030
8200689702
7700856673
8200767762
123031777R
7700115309
7700113018
123039954R
8200699517
7700104292
123034219R
5000368610
7701476465
123033448R
8200552236
8200767762
123034219R
8200185800
7700115309
7700104292
7700115309
7700113018
8200767762
8200045300
7701477507
7701476465
7700115309
7700113018
7701209371
7700115309
7700113018
123032762R
8200313231
123036745R
123034219R
8200357347
8200361247
8200767762
123034219R
8200767762
8200185800
123034219R
123034219R
8200185800
8200523072
7700115309
7701477502
123034219r
7700735311
8200767762
5010412306