8200619927
8200619927
8200767762
8200361247
8200619927
8200805671
8200619927
8200805671
123033298R
8200545437
5600632541
8200361247
8200207437
7700858731
7700863059
8200523072
7700858731
8200477938
8200767762
8200817574
8200619927
8200361247
8200817574
8200523072
8200712553
8200689702
8200523072
8200477938
8200297335
7700112999
8200268426
8200386446
8200268426
7700112999
8200386446
8200477938
1218301100
8200936808
8200361247
7700273925
8200361247
8200036888
8200361247
7700856673
8200361247
8200361247
8200361247
8200361247
7700856673
8200361247
8200361247
8200313231
8200315270
8200805671
8200805671
123032762R
8200361247
7700853470
8200712553
8200361247
8200361247
123032762R
8200361247
8200361247
8200689702