113560001R
117108063R
112108180R
113560001R
8200000010
8200358666
112100020R
8200575641
8200171178
112221641R
112100014R
7700437391
7700437391
7700434370
7700411189
7700434370
7700411189
112100001R
7700832256
6025304389
6025304389
8200675206
8200404271
112108180R
7700434370
7700434370
7700434370
7700434370
7700434370
7700434370
7700783018
8200423501
7700413614
7700434370
7700437391
7700425711
7700437391
112107695R
7700434370
7700434370
113560001R
8200352861
112383665R
8200358147
7700437391
8200676857
113568280R
7700832256
112108180R
8200355673
7700832256
112383734R
7700832256
112103095R
112849221R
112318425R
112310605R
8200365097
7700411189
112383734R
8200042454
7700827544
112222643R
113757025R
8200675206
113560012R
113568280R
112849221R
112200014R
8200355673
112387776R
7700437391
7700832264
8200818984
7700437391
8200022595
8200310825
8200355673
7700308750
8200358147
7700802927
7700817782
8200300616
8200003824
8200310825
8200310825
6001548160
8200103263
8200264322
8200103263
7700437391
6001548160
7700745290
7700308750
7700434370
7700434370
7700818371
7700818372
7700804163
7700425711
7700785949
8200100116
7700432031
7700437391
7700437391
7700818372
1614030005
7700437391
7700434370
7700434370
7700434370
8200310825
8200310825
8200310825
8200310825
8200310825
8200310825
8200310825
8200310825
8200310825
7700437391
7700434370
7700434370
7700428936
112100020R
7700832256
7700434370
7700415088
7700415095
7700422529
7700415088
112100004R
8200171178
6001543360
8200014933
8200155207
7700422529
7700413614
8200281186
112848459R
7700434370
7700434370
7700434370
7700817782
8200325042
8200042454
7700432411
8200014931
112127847R
8200725253
112222643R
8200027116
112106577R
112388746R
7700308756
7700434370
7700434370
7700434370
7700770480
8200181589
112530013R
7700434370
7700434370
113560001R
7700425711
112107695R
8200175182
8200559729
8200675206
112100020R
117506193r
113568280R
112313054R
8200102535
8200355673
8200355673
8200509784
7700434370
7700434370
8200140431
8200338381
112846249R
8200043084
011233248R
112221641R
8200669495