8200338381
113560001R
8200000002
8200338381
8200400177
8200014933
8200500928
8200338381
7700422473
7700437391
7700437391
8200338381
7700823949
8200038808
7700415088
7700426193
8200175102
6001548160
8200395661
7700783018
7700823949
8200038808
7700415088
7700426193
8200175102
6001548160
8200395661
7700783018
546190005R
8200777542
8200338381
7700806577
8200338381
7700308750
8200000003
8200338381
8200027176
8200338381
8200338381
7700414099
7700437391
8200000010
113568280R
7700832256
7700411189
6001549205
8200575641
6001549205
112387053R
112100005R
8200000016
8200014933
6001549205
7700414099
8200400177
113568280R
7700308750
7700308750
112202847R
8200027176
7700437391
7700414099
8200338381
8200000002
8200014932
7700425711
8200338381
112381035R
7700804163
8200014932
8200358147
8200014931
8200400177
7700308750
8200338381
8200338381
8200000010
8200487916
7700422529
7700308750
7700308750
8200148388
8200487916
7700308750
7700308750
7700308750
7700437391
7700437391
7700437391
8200042454
7700308750
7700308750
8200338381
7700308750
7700308750
7700308750
7700308750
7700308750
7700308750
7700308750
8200000010
8200358666
8200151995
8200127321
8200000002
3082000000
8200000002
8200000002
8200042454
113560009R
8200155207
7700832262
7700308750
7700308750
6001549205
7700432026
7700432026
7700414827
7700308750
7700308750
8200675064
7700308750
4317902580
7700308750
7700308750
7700422529
7700432026
7700411189
8200000010
8200358666
112100020R
7700308750
7700308750
7700414099
7700413614
7700804163
8200042453
7700817782
8200000003
8200151995
8200352861
112381035R
8200049238
8200021443
112106577R
7700832256
7700308750
7700308750
7700308750
7700308750
112222643R
8200674936
8200780780
8200690091
7700434370
7700434370
7700434370
7700308750
112221641R
7700308750
8200338381
117105124R
112222643R
7700308750
112325742R
8200338381
8200338381
7700308750
112849605R
112325742R