8200557827
8200346797
7700823949
7700415087
8200398170
7700422473
7700422473
6001543027
8200100116
7700432031
112383665R
6001549647
112381550R
8200140431
8200398170
8200398170
1137852043
8200398170
8200398170
8200398170
8200398170
8200557827
112100039R
8200000036
8200125539
112845852R
112842617R
8200675206
112221641R
112849605R
8200398170
112380006R
113560010R
8200675206
8200410267
8200398170
8200398170
8200000003
8200371093
8200676857
8200000003
8200371093
8200239893
8200027176
8200014933
112380004R
8200399188
8200398170
8200398170
8200338381
8200338381
8200338381
8200338381
7700823950
8200338385
7700785950
7700804163
8200427530
112380006R
8200355673
8200042454
7700434370
7700425757
7700823949
112383665R
8200398170
7700425711
8200127324
7700422529
7700422529
8200000016
8200346797
7700832264
8200398170
8200404271
8200398170
112848459R
8200398170
8200014931
112845852R
112845852R
7700437391
8200398170
112348459R
8200410267
112845852R