113752043r
113560010R
8200014931
112530006R
112107695R
8200805581
8200805809
7700821668
8200592642
8200042453
7700415087
7700422529
6025403418
7700823949
8200148388
8200042456
8200338372
8200403904
112381035R
8200403904
8200725253
8200675206
112388746R
112530006R
8200676857
8200549046
8200338381
8200549237
112843505R
113328536R
112842617R
8200725253
8200675206
7700434370
8200549046
8200549046
7700425709
113560009R
8200404271
8200403904
112108180R
113560001R
7700795685
7700805123
8200557827
7700425711
8200277221
8200676857
113560010R
8200674936
8200780780
8200690091
8200042454
112127847R
6001549647
8200500928
8200427530
8200675064
8200805809
113560009R
8200065989
113560009R
6025304389
113560009R
7700425757
7700437391
7700802927
8200277791
8200140431
5010094716
8200239893
8200487916
7700795685
7700795685
7700805123
7700795687
7700412101
8200690091
8200044925
7700805123
8200170362
112107695R
6001548157
8200549046
8200438263
8200338381
8200044925
7700832256
113560012R
112380008R
7700412094
8200310825
8200805805
7700415087
112100062R
8200267625
7700415087
7700821668
8200493821
8200338385
112100062R
113560009R
112107695R
8200277791
7700425757
7700411949
113752043R
8200410267
8200267625
8200403904
112842617R
112221641R