110448588R
7700108254
7700859059
7700105393
8200406743
8200406743
7700872860
110442017R
110442017R
7700862492
7701039397
110445901R
8200399103
8200406743
8200356346
8200956481
7701058030
7701472450
7701058030
7700872383
7700854507
7700872383
7700105392
8200356346
7700112739
8200356346
7700112739
110448588R
8200264952
8200296969
7700867870
8200498869
7700872860
7700112675
8200296969
7700866683
8200862244
7701033528
8200956481
7700854507
8200071111
7700853954
7701039398
7700860266
7700108167
7700859803
7700867870