8200323338
7700600530
7700600530
8200714033
8200714033
8200120140
8200714033
8200331491
8200239705
8200239705
8200149903
7700110219
8200272214
8200063371
8200638033
8200045745
8200136128
8200045745
8200136128
8200466560
8201005089
8200466560
8200714033
8200331491
3911171919
8200045745
8200576778
7700600530
8200045745
8201005089
8200808824
7700600530
8200272214
8200714033
8200466560
8200063371
8200541584
8200714033
7701057896
8200120140
8200260767
8200149903
8200736279
7700867167
8200045745
5010477503
8200629199
132653841R
132654861R
8200136128
7700114939
7700100785
140039944R
8200260767
8200677518
132654861R
8200508952
140039944R
8200633974
140039944R
8200149903
132656341R
9628257080
8200629199
8200117386
132654861R
8200714033
7700106915
7700869566
7700110698
3911171919
8200576778
8200063371
8200063371
3911171919
3911171919
8200539196
8201005089
8200466560
8200045745
8200629199
8201005089
8200136128
8200466560
8200466560
8201005089
8200466560
8200466560
8201005089
8200063371
8200045745
8200576778
8200576778
8200576778
8201005089
8200136128
8200045745
8200063371
8200063371
3911171919
3911171919
3911171919
8201005089
8200136128
3911171919
8200576778
8200576778
8200136128
8200063371
8200714033
8200149903
8200714033
8200149903
8200149903
8200714033
8200149903
8200714033
8200149903
132653841R
8200627939
8200539196
8200331491
8200239705
8200808824
8200629199
7700600530
8200541584
8200482514
8200260767
132647109R
8200629199
8200379908
132653841R
8200539196
8200629199
8200482514
144103742R
8200482514
8200277372
8200178518
8200239705
8200149903
8200277372
8200193970
8200756123
8200252227
8200629199
8200756123
8200808824
8200805844
130415796R
132647109R
8200629199
8200277372
8200629199
8200714033
8200805844
8200805844
8200541583
8200149903
9646698680
8200149903
132648636R
8200714033
9651815680
118306606R
118303696R
8200633974
8200277372
8200629199
132653841R
5001869716
7700600530