440605713R
0986494033
440606267R
0986424455
0986460970
0986494040
0986460970
0252309918
0252309918
0252309918
440661332R
0252317218
0986494597
0986424833
0986494821
0986494821
0350598993
0986494725
0986424774
0986494452
410600032R
0986494592
7701206763
0252453518
0252309918
0986424833
5001844747
0986424833
7701209100
7701209864
0986494597
0986424616
0986424751
0986424751
0986424455
4154210410
7701209864
410602933R
0986494381
0986424616
0986424833
0986494735
2514700703
0986494661
0986424533
2511200703
0252463217
0252309918
0252252517
440605839R
440605839R
0986494661
0986494661
7701206763
0986494441
0986424616
0986494033
7701209077
410605055R