8200772182
0261210151
7700742958
237310135R
7701477748
0986280402
0281002175
8200668500
0261210151
0281002332
8200647388
7700101971
8200647556
1110011785
1110011785
8200647554
8200513668
237317135R
8200468645
7700100650
7700742634
7700747549
8200885209
8200513668
0986280411
7700101969
5000288407
8200439315
7700109055
8200885209
6079050300
0986280410
0986280410
0986280410
7700113552
8200443891
8200688405
0986280407
0986280410
0986280411
237310135R
319359125R
8200012097
0986280411
7700101969
6001548175
8200436025
8200643171
8200676078
8200772182
8200885209
7700739791
0648482030
8200275614
8200746497
7700101969
8200434068
8200746592
8200746592
8200746592
8200746592
8200244869
8200428137
0648480190
8200647366
7700863523
8200647388
7700855719
7701474895
7701477748
7700101971
7700108073
8200012097
7700108073
7700101970
7700728637
8200128449
7700101971
7700306256
0648480190
7700103069
7700101970
0986280407
0648482120
237312832R
0648482530
1110011785
1110011785
9632889780
7700108073
8200468647
8200688406
7700747549
8200468645
7700728639
0648482530
8200647556
8200643171
7700728637
6001548175
8200436025
8200885209
8201040861
8200468647
7700742634
8200772182
7700113552
8200468647
8200468647
6001548175
8200668500
8200285798
8200033686
7701477748
8200275614
8200513668
8200772182
8200746592
237313661R
8200647559
7700100008
8200885209
9200995209
8200885209
8200688405
8201040861
8200676078
8200885209
8200643171
237312832R
7700739794
7700103069
8200668500