7700103119
8200443891
8200688405
0648480840
0648482420
0261210151
7700100650
8200746497
7700101970
8200688405
8200468646
7700101971
0261210151
7700108073
7701474895
7701477748
6001548175
8200468646
8200647554
7700100566
8200772182
7700109055
8200688406
7700855719
8200439315
8201040861
7700108073
7700101971
8200676078
8200647556
0648480840
8200647388
7700101971
7700739793
8200436025
0648481280
8200647366
8200647556
7700108073
8200688405
237310776R
8200885209
0261210151
0261210151
5010412449
7701477748