440608746R
440608281R
440600819R
0986494723
0986461148
0986424455
0986424386
0986494725
0986424751
0986494735
0252324818
0986461148
0986494381
410600011R
0986494597
0986494656
0986461148
0986494441
0986494295
0252398017
0252398017
0252398017
0252398017
0252398017
410604775r
410600011R
0986494441
440603905R
0986424616
0986494656
0986494031
0986494723
0986494384
410608638R
0986494821
7701206763
7701050002
0986494381
0986494597
0986494661
0986494391
0034204620
0034204620
0986424751
0986494723
0986424455
0986424455
0986424636
0986424636
0252317218
0252453518
0986494040
0986494384
410602581R
1304607298
0986494197
0986460946
1304602840
0986424533
1304602895
4363600610