8200924262
3911171919
8200604025
8200707066
8200045745
7701479111
8200291355
8200581292
8200673395
8200924262
118300724R
8200291355
8200924262
8200140763
8200581292
8200924262
8200673395
8200464373
8200280347
8200707066
118300724R
118302761R
7700110122
8200707066
8200673395
3911171919
8200707066
8200323338
8200728629
8200673395
8200291355
118305765r
8200045745
8200707066
8200279414
9936810605
8200673395
8200707066
8200924262
8200673395
8200280347
8200924262
8200063371
8200673395
8200673395
8200924262
8200707066
7700110122
118305765R
8200707066
8200045745
8200673395
8200280347
8200291355
7700110122
8200280347
8200707066
8200924262
8200924262
118305765R
8200673395
8200082486
8200291355
8200184165
8200673395
8200707066
8200082486
8200040575
8200140763
8200924262
8200140763
118305765R
118305765R
118301003R
118301003R
8200279414
8200707066
8200707066
8200707066
8200063371
8200136128
8200576778
8200707066
8200707066
8200063371
8200707066
8200836881
8200045745
8200136128
8200045745
118305765R
8200576778
118301003r
8200576778
8200576778
8200063371
8200063371
8200136128
8200576778
8200063371
8200045745
8200136128
8200576778
8200136128
8200136128
8200576778
8200063371
8200045745
8200136128
8200576778
8200136128
8200403043
8200707066
118305170R
8200136128
8200045745
8200045745
8200063371
8200576778
8200707066
8200707066
8200063371
8200045745
8200136128
8200576778
8200576778
8200707066
8200924262
8200707066
8200291355
8200184165
8200707066
8200924262
118305170R
8200136128
118378366R
118378366R
118378366R
118305170R
8200852042
9936810605
8200836881
8200673395
8200673395
8200608360
8200673395
8200464373
8200924262
8200924262
118305765R
8200924262
118304798R
8200707066
8200761805
8200924262
118305765R
8200707066
8200707066
8200291355
8200707066
8200707066
8200707066
118305765R
8200469325
8200707066
8200924262
8200673395
8200673395
8200924262
8200604025
118300724R
8200924262
9936810605
118305765R
8200924262
8200924262
8200673395
118301003R
118305906R
118300724R
8200279414
8200924262
118301003R
8200924262
8200924262
118301003R
8200707066