7701476250
121004942R
7701475074
7701477831
7701478826
7701476250
7701475074
7701476250
7701475074
121004942R
7701476250
7701478826
7701478826
121004942R
121004942R
7701475074
7701475074
7701475074
7701475074
7701475074
7701475074
7701475074
7701477831
7701476250
7701477831
7701476250
7701476250
7701476250
7701476250
7701476250
7701478826
121004942R
121004942R
121004942R
121001039R
121001039R
121001039R
7701478846
7701476250
7701475074
121004942R
121004942R
7701478827
121001039R
7701475074
121004942R
7701477831
7701476250
7701476250
8200513042