0986494439
410605536R
0986461148
0252469318
0252469318
0252491418
0986494612
7701209864
0986424451
0986424451
0986494197
0986494401
410605951R
0986494656
0986424636
0986494439
0252206518
0986424636
0252206518
0252471018
0252491418
0252491418
7701209100
0986494034
440608746R
0986494612
7701209864
410600011R
0986424636
0986494439
410605612R
3639160606
0986494612
0986461148
0986461148
0986461148
410608638R
0986494439
0986494439
0986424833
0986424284
0252491418
0252324818
0252491418
0252324818
0252398017
0252206518
410607115R
440607115R
1304605716
3639160604
1304603988
0986494391
0986494391