8200833923
7700108299
8200702781
7700111746
8200833923
7700111746
7700100375
7700100375
7700111746
7700104412
8200728381
7700100375
8200238932
7700100375
8200384326
7700273456
8200833923
8200066133
8200805603
7700100375
8200221013
6001548035
6001548035
7700100375
6001548035
6001548035
8200221013
8200221013
7700100375
8201719715
7700100375
7700273456
6001548035
7700273456
7700100375
8200221013
6001548035
6001548035
8200185680
6001548035
8200221013
6001548035
6001548035
7700100375
7700869996
6001548035
6001548035
7700273456
7700273456
7700273456
7700273456
7700273456
7700273456
7700273466
7700108299
111110249R
7700100375
8200728389
7700273936
8200066133
7700100375
111110249R
7700100375
8200728389
7700273458
7700100375
8200833923
111116149R
111116149R
8200728389
7700273458
8200185680
8200066133
7700273456
7700273456
7700273456
7700273456
7700273456
7700273456
7700273456
7700273456
7700273456
7700273456
8200125691
8200273261
7700273456
7700273456
7700273456
8200805603
8200795110
7700273456
7700273456
7700273456
7700273456
7700273456
8200805603
8200795110
8200795110
8200188389
8200963715
8200066133
8200238932
8200066133
8200066133
8200188389
8200451325
8200273261
8200805603
7130104412
7700111746
8200742428
8200795039
8200795110
7700100375
8200105022
8200188389
8200451325
8200451325
8200384326
7700100375
8200221013
7700100375
8200702781
7700100375
8200702781
8200221013
7700111746
7700100375
8200702781
7700100375
8200805601
8200221013
8200238932
7700273458
8200795110
8200805603
8200066133
8200451325
7700111849
7700100375
8200125691
8200451325
8200318813
8200451325
8200451325
8200451325
8200066133
8200451325
8200805603
8200066133
8200451325
8200451325
7700870224
8200451325
7700111746
8200384326
8200451325
8200066130
8200033928
8200125691
8200451325
8200318813
8200188389
7130104412
8200318813
7700111746
8200125691
8200066133
8200379654
8200125691
8200188389
8200311346
7700102843
8200221013
8200760467
7130104412
8220188389
7700108299
8200795039
8200600642
7700111746
8200273261
8200462131
8200066133
8200221013
8200221013
8200221013
8200318813
8200221013
7130104412
8200273261
8200795039
7700870224
7130104412
8200805603
8200221013
8200221013
7700111746
7700100375
7700100375
8200238932
7700870224
7700100476
6001548035
8200221013
7700273458
8200221013
8200451325
8200569605
8200451325
7700100375
8200221013
8200805603
8200238932
7700856813
8200066133
8200805603
8200805603
8200221013
7700100375
7700100375
7700100375
8200221013
8200672739
7700100375
7700100375
7700100375
3309708032
8200221013
8200805601
8200221013
8200221013
8200221013
8201719715
8200318813
8200221013
8200221013
7700273456
8200221013
7700100375
7700100375
7700100375
8200221013
8200221013
6001548035
8200221013
8200221013
8200805603
8200221013
8200221013
8200238932
7700100375
7700100375
7701065067
7700100375
8200318813
7700100375
7700100375
7700100375
7700100375
6001548035
8200221013
8200221013
6001548035
6001548035
6001548035
6001548035
6001548035
6001548035
8200644605
8200805603
8200728384
7700100375
7700100375
7700100375
6001548035
6001548035
7700100375
7700100375
7700100375
7700100375
8200805603
7700100375
8200805603
7700100375
7700100375
8200221013
6001548035
7700100375
8200221013
8200221013
7700273456
8200805603
7700100375
8200221013
8200221013
8200221013
7700273456
6001548035
6001548035
6001548035
6001548035
7700273456
6001548035
7700100375
7700273456
7700111746
7700111746
7700100375
8200221013
7700100375
7700100375
7700100375
8200805603
8200221013
8200221013
8200221013
8200221013
8200221013
8200221013
8200221013
8200221013
8200221013
8200221013
8200221013
8200221013
8200221013
7700273456
7700100375
7700100375
7700100375
7700100375
8200066133
7700273456
7700100375
7700100375
7700100375
7700100375
7700100375
8200221013
8200221013
7700100375
7700100375
7700100375
7700100375
7700100375
8200795039
8200702781
7700100375
8200728389
6001548035
6001548035
6001548035
6001548035
7700273456
7700273456
7700273456
7700273456
7700273456
7700273456
7700273456
7700273456
7700273456
7700273456
7700273456
7700273456
7700273456
7700273456
7700273456
7700273456
7700273456
7700273456
7700273456
7700100375
7700273458
7700100375
7700100375
7700100375
7700100375
7700100375
7700100375
7700100375
7700111746
7700273456
7700273456
7700273456
7700273456
7700273456
7700273456
7700273456
7700273456
7700273456
7700273456
8200795039
7700100375
8200066133
8200600642
8200728384
8200238932
8200105022
8200451325
8200477252
8200795110
8200672739
8200318813
8200318813
8200318813
8200318813
8200066133
8200221013
8200221013
8200221013
111116149R
8200311346
6001548035
111112393R
8200318813
7700100375
8200318813
8200185680
7700273456
7700100375
8200451325
8200702781
8200185680
7700111746
8200088070
8200238932
8200088070
7700111849
8200451325
8200185680
8200188389
8200451325
7700273456
8200451325
8200805603
8200600642
8200185680
8200600642
8200125691
8200805603
8200451325
110172951R
8200185680
7700111745
110172100R
8200238932
7700108299
8200805603
7700111746
8200318813
7700273458
8200600642
7700273456
7700273456
8200833923
7700100375
7700100375
8200066133
8200066133
7700100375
7700273456
8200451325
8200066133
8200066133
8200805603
8200066133
6001548035
6001548035
7700273456
7700273456
7700273456
8200221013
8200760467
6001548035
7700100375
7700100375
7700273456
7700273456
7700273456
7700273456
8200066133
8200185680
7700273456
7700273456
7700100375
111116149R
7700273466
7700100375
7700273456
7700273456
7700273456
7700100375
7700273456
8200221013
7700273456
8200963715
8200318813
8200451325
8200318813
7700108299
8200963715
8200318813
8200066133
8200600642
8200066133
7700111745
8200066133
8200066130
8200066133
8200451325
7700273456
8200600642
8200185680
8200185680
8200462131
8200833923
8200451325
8200238932
8200600642
7700108299
8200188389
8200318313
8200600642
8200066133
7700100375
7700100375
7700100375
8200238932
7700100375
8200384326
8200188389
8200066133
8200273261
8200238932
7700273466
8200125691
8200188389
7700273456
7700273456
8200221013
7700111746
8200221013
8200318813
8200066133
8200451325
8200451325
8200188389
8200600642
8200185680
8200066133
7700273466