8200728386
8200066133
8200185680
8200702781
7700866465
7700864956
8200973856
8201719715
8200318813
8200728386
8200209640
8200209640
8200188748
110172481R
8200221013
8200221013
8200221013
8200221013
8200188748
8200209640
8200221013
8200221013
7711120025
8200209640
8200600642
8200318813
7700111746
110172481R
8200728389
8200672739
8200728386
8200221013
8200221013
8200221013
8200318813
8200728386
8200221013
8200221013
8200221013
8200221013
8200221013
8200760467
8200221013
8200221013
8200221013
8200221013
8200221013
8200760467
8200209640
8200221013
8200221013
8200188748
5600632584
8200221013
8200221013
8200221013
8200209640
8200221013
8200221013
8200221013
7700111746
8200728381
8200318813
8200381856
8200221013
8200221013
8200221013
8200221013
8200318813
8200221013
8200221013
8200221013
8200221013
7700104412
7700111746
8200221013
7701648829
8200318813
8200221013
8200221013
8200318813
8200973856
8200221013
7700741331
7700734084
8200221013
8200953476
8200221013
8200221013
7700872643
7700273456
7700273959
7700872643
6001549008
6001548035
7700273456
7700273959
8200188748
8200221013
8200221013
8200221013
8200221013
8200221013
8200221013
8200221013
8200221013
8200221013
8200221013
8200221013
8200973856
8201719715
8200221013
8200221013
8200221013
8200221013
8200221013
8200221013
8200221013
8200318813
8200477252
8200728386
8200477252
8200728386
8200209640
8200221013
8200760467
8200188389
7700873090
8200270722
5600632584
8200973856
8200270722
110171000r
8200221013
8200221013
110170187R
8200963715
111115870R
110172951R
8200833923
5001869339
8200953476
110172951R
8200451325
8200451325
8200805682
8200221013
8200221013
8200221013
8200221013
8200221013
8200221013
8200221013
8200805682
8200188748
111115870R
8200221013
8200221013
8200805682
110171000R
111115870R
8200221013
8200221013
8200221013
8200221013
8200221013
110172951R
8200221013
8200221013
8200221013
8200221013
8200221013
8200221013
8200221013
8200221013
8200221013
8200221013