7701476527
7701472674
150100565R
8200783526
150101308R
8200251904
8200101970
8200345757
150002040R
7701476527
7701693576
150109221r
150157688R
8200783526
150002257R
8200346592
150005392R
150008247R
8200400640
7701473163
150109221R
150105428R
8200710012
8200121093
7700600252
150005392R
8200088931
7700600252
7701693577
150003395R
150000147R
150101308R
8200767156
8200783526
8200555112
8200783526
7701693577
8200540552
7701472674
8200591428
8200600531
150505659R
2014052260
8200101970
8200591428
8200227686
150003601R
8200251904
150101308R
2014221100
8200591124
8200741642
8200591124
7701705320
8200741642
8200591124
8200741642
7701705320
8200783526
8200555112
8200741642
8200741642
8200741642
8200741642
8200741642
8200741642
8200741642
8200741642
7701705320
8200741642
8200741642
8200741642
8200741642
7701705320
8200741642
8200741642
7701705320
8200741642
150000147R
8200222704
7701693577
8200279948
2014221100
7700873929
8200710012
8200783526
8200088931
8200088934
8200555112
8200345633
150007465R
8200101970
8200591428
8200227686
8200346592
150157688R
8200345633
8200171402
7700100894
8200710012
150157688R
150100565R
150002003R
150003601R
150157688R
8200783526
7700600252
7701705320
7701705320
7701693577
8200194608
8200222704
150100565R
7701476527
8200251904
150108069R
8200150195
8200101970
8200222704
7701693577
8200279948
8200171405
150101308R
8200783526
7700112538
8200783526
8200783526
8200171405
7701705320
8200171402
8200591124
7701693576
150004492R
150002040R
150101308R
8200783526
7700112538
7701475121
150002040R
8200291355
150005392R
150004492R
8200279948
8200590864
8200741631
150004492R
150003601R
150503885R
8200199281
8200279953
150002257R
8200346592
150157688R
8200345633
8200345757
8200222704
7701693577
8200279948
8200783526
7700600252
7701693577
7701472703
150009761R
208859042R
150101308R
8200345633
8200741642
150001650R
150000147R
150009761R
150002040R
150003395R
150007372R
150000147R
150007465R
150009846R
150002040R
150007465R
7701693577
8200590864
8200115244
8200121093
8200171405
7701705320
8200171402
8200591124
7701693576
7701705320
8200346592
150157688R
8200345633
8200101970
8200783526
150002003R
8200741642
150004492R
150004492R
8200345757
150004492R
150153243R
150002257R
7701705320
7701705320
7700598425
7702300016
8200199281
8200891499
7701693575
150005392R
7700864571
150103110R
150100565R
150105428R
7701669290
8200783524
150103110R
8200307174
8200279953
8200590862
8200741635
150101308R
8200199281
8200243154
150005392R
7701476527
150009761R
150002040R
150002040R
8200227686
8200591428
7700600532
7700600532
5010477184
5010477184
150009761R
7700600252
7702300016
150002040R
150002040R
150009761R
150106256R
150009761R
150009761R
7700600532
150009761R
150103110R
150108716R
150001650R
150003601R
7700600532
150000147R
7700600252
150003817R
8200121093
7700600252
8200767156
7701705320
7701705320
7701705320
7702300016
7701705320
8200345633
7701705320
150009761R
150003395R
150001650R
7701693577
8200741642
150009761R
150005392R
150005392R
150005392R
150001650R
8200612266
8200783526
8200024427
150009761R
150009761R
7700100894
7700600252
150108334R
150100565R
150001650R
7700100894
7701705320
8200710012
8200121093
8200783526
6261800001
150005392R
150005392R
150009761R
7700864571
8200150042
7701693576
150157688R
8200101970
150009761R
150008247R
2014041300
7701478100
8200345757
150501538R
150001650R
150009846R
2014052260
150108716R
150007465R
150002003R
2014041100
2014041300
8200783526
150009761R
2014040900
2014041300
150009761R
150122762R
7701693576
150003601R
8200251904
7703020052
150007465R
8200115244
8200591117
8200591117
8200173808
8200115244
8200115244
8200173808
8200115244
8200115244
8200591117
8200591117
150005392R
8200741642
7701693576
8200741642
7701693575
7701693575
7701669300
8200783526
8200783526
8200783526
150009846R
7701693575
2014052260
150108334R
2014041100
8200783526
8200783526
8200783526
150108716R
150108716R
2014052260
8200741642
150104919R
8200591428
150101308R
8200590862
8200783526
7701693575
8200741642
8200591124
150108716R
7700600532
150103110R
150103110R
8200741642
8200741642
8200741642
8200171402
8200741642
8200741642
8200171402
8200741642
8200741642
8200741642
8200741642
8200741642
8200171402
8200741642
150157688R
150157688R
8200741642
8200171402
8200741642
8200741642
8200741642
8200741642
8200741642
8200741642
8200741642
8200741642
8200741642
8200741642
8200171402
8200741642
8200741642
8200741642
8200741642
150157688R
150157688R
150157688R
150157688R
8200741642
8200741642
7701705320
8200741642
8200741642
7701705320
8200741642
8200741642
8200741642
8200741642
8200741642
8200741642
8200741642
8200741642
8200741642
8200741642
8200591124
8200741642
8200741642
8200741642
8200741642
8200741642
8200741642
8200741642
8200171402
8200741642
8200741642
8200741642
8200741642
8200741642
8200741642
8200741642
8200741642
8200741642
8200741642
8200741642
8200591124
8200741642
8200741642
8200741642
8200741642
8200591124
8200741642
8200171402
8200741642
8200741642
8200171402
8200591124
8200741642
8200741642
8200307174
150101308R
8200783526
7700112538
8200555112
8200783526
7701475121
8200101970
8200591428
8200227686
7701693576
8200783526
2014040900
150002003R
2014221100
8200783526
8200783526
8200741642
8200741642
8200741642
8200741642
8200741642
8200783526
8200741642
8200741642
8200741642
8200741642
8200741642
8200741642
8200741642
150005392R
8200783526
8200710012
8200783526
8200710012
8200783526
8200783526
8200783526
8200783526
8200783526
8200783526
8200783526
8200783526
8200783526
8200345633
8200783526
8200783526
150005392R
150005392R
150002040R
7701472703
150005392R
8200767156
7701693577
8200783524
7700112538
7700600532
150100565R
150100565R
150004492R
150102231R
1005440147
7701472703
7701472703
7701472703
7701472703
7701472703
7701472703
150002257R
150002257R
8200916824
8200783526
8200180602
7700600252
8200916824
7700598425
7700600251
150009761R
150001650R
150003395R
150103110R
8200171405
7700600252
150109063R
8200171405
8200171405
8200345757
8200345633
8200346592
8200916824
150009761R
150109063R
150002040R
150103110R
7701693575
150108716R
8200555112
150005392R
8200783526
150003395R
8200741642
150001563R
150003395R
150103110R
150008247R
8200767156
7700600532
8200783526
150157688R
150157688R
5010477184
8200121093
8200400640
8200783526
8200307174
150001650R
150002257R
8200180602
7700112538
150001650R
8200307174
8200345757
8200345633
150003395R
8200345633
7700600532
8200345633
8200180602
8200173808
8200307174
8200171405
8200307174
150003395R
150008247R
8200307174
8200345757
8200783526
150002257R
8200345757
8200345757
150001650R
150001650R
8200121093
150127302R
150109063R
7700100894
8200783526
8200783526
7700600252
8200171405
150102231R
150003395R