8200719993
8200282880
8200797706
147101246R
147105308R
8200797706
8200797706
8200282949
8200987088
8200282949
8200561269
147105308R
147101478R
8200630740
8200222772
8200561269
8980306440
8200229190
8200661049
8200130609
8200656008
8200194323
8200327004
8200327011
7700103493
8200360201
8200270177
8200270177
8200561269
8201411538
8200282880
8200797706
8200282949
8200327011
8200222772
7700113071
147100385R
8200609274
8200222772
8200056350
8200222772
8200270451
8200661049
8200201099
8201353607
147105543R
7700113071
7700100606
8200270177
8200270177
8200270177
7700113071
7700113071
5718221120
5718221121
8200374875
5718221121
5718221120
5718221120
5718221121
8200550361
8200217887
147101478R
147109816R
8201143495
147105308R
8200270451
8200270539
8201411588
7700113071
7700107471
8200282879
147101246R
147101246R
8201143495
8200797706
7701058850
8200360201
8200469586
8200561269
8200270539
147109816R
8200797706
8200270451
8200270451
8200270177
8200360201
8200796571
8200987453
7029042578
8200270451
8200270177
8200561269
8200797706
7700113071
8200282849
8201027384
8200282879
8200656008
8200987088
8200846454
8201068965
147100385R
8200270451
8200129863
8200797706
147102408R
8200327004
8200327004
8200469586
8973550420
147104647R
8200850755
147101478R
8200270177
147103371R
8200270177
8200507299
8200796674
8200804050
8200630740
8200561269
8201061904
7700107471
147105308R
8201027384
8200294794
8200507299
8200609274
7700113071
8201027384
7700107471
8200164563
8200235232
8200630740
8200247250
9671187780
147101478R
8200691292
8200691292
147100385R
8200222772
8200987088
8200987453
7700113071
147100361R
8200661049
8200201099
8200630740
147102408R
147102557R
8200804050
7700113071
5718221120
8200797706
8200630740
8200609274
8200797706
147100361R
8200374875
5718221120
8200661049
5718221120
8200846454
8200796674
8200987088
8200656008
8200850755
7700107471
8200542998
147103371R
8200561269
147100361R
147102408R
8200630740
8200282949
8200939136
8200327011
147102408R
8200693739
7700107474
147106293R
8200804050
8200630740
147109074R
8200469586
8200327011
147109913R
147171653R
147171653R
8201068965
147101246R
7700107471
8200796674
8200987453
147109816R
8201143495
147101246R
8201411538
147109913R
8200270177
8200395034
8200374875
8200550348
147101478R
8200164563
147102557R
8200804050
8200762517
8200796674
8200836385
147106293R
8201061904
8200846454
147109816r
8200129868
8200804050
8201068965
8200630740
8200889753
8200129863
147109913R
8200294794
147109913R
147103371R
8973586130
8200804050
8200630740
147105308R
147171653R
8201068965
8200790180
149566215R
8200946078
8200836385
8200846454
8200836385
8200804050
8200561269
8200253725
8200804050
8200796571
147109074R
8973550420
147101246R
8201353607
147106293R
8200836385
8200846454
8200804050
147138491R
8201068965
147101478R
8200270177
8201061904
147105543R
8200987088
8200282949
8201411538
147100361R
147106293R
8200804050
8200293950
7700107471
8201061904
5718221120
8200374875
8200282949
147101246R
147109869R
8200270177
8200469586
8200270177
8200282949
8200550361
8200270177
8200222772
147100385R
147100361R
7700113071
8200796674
8200360201
8200797706
8200327011
7700113071
4319900300
147103371R
8200374875
8200656008
8200270177
8200270177
8200889758
147102408R
7700113071
8200374875
7700113071
8200850755
8200270539
7700113071
5718221120
147109869R
7700113071
7700113071
7700113071
8200374875
147100361R
8200374875
7700113071
7700113071
8200374875
8200987088
8200796674
7700113071
8200270177
8200374875
8200374875
7700113071
8200374875
7700113071
7700113071
7700113071
7700113071
8200836385
7700113071
8201061904
7700113071
7700113071
8200661049
8200374875
8200469586
8200374875
8200796571
147100985R
7701058850
7700113071
7700113071
7700107471
8200542998
8200374875
8200661049
7700108141
7700102850
7700105136
8200850755
8200374875
8200374875
8200374875
8200661049
7700113071
7700113071
147252403R
4319900700
8200270539
8200469586
147105308R
7700113071
8200157971
8200282879
147105039R
8200374875
8200374875
7700113071
7700113071
8200270177
8200270177
7701058850
8200850755
7700113071
8200270451
7700100230
8200762517
7700113071
7700113071
7700107797
8200282880
8200374875
8200469586
8200270177
7700113071
8200235232
7700100230
8200374875
7700107797
7700113071
8200374875
8200270177
7700113071
7700113071
7700113071
7700113071
7700113071
8200542997
7700113071
8200247250
8200846454
8200469586
7700113071
8200661049
8200374875
8200374875
7700113071
8200661049
8200270177
8200270177
8200270177
8200270177
8200270177
5056390200
8200374875
7700113071
8200661049
7700113071
7700113071
8200270177
8200374875
8200374875
8200270177
8200661049
5718221120
5718221120
7700107471
8200661049
8200374875
8200270177
8200270177
8200270177
8200374875
8200270177
8200270177
8200270177
8200270177
8200374875
8200374875
8200270177
7700100230
8200270177
8200270177
8200282880
8200360201
7700113071
8200661049
8200661049
8200374875
8200129863
7700113071
7700107471
8200661049
8200360201
8200661049
8200661049
7701058850
8200270451
147106293R
8200360566
5718221120
5718221120
8200360201
5718221120
8200836385
147100361R
8200194323
7003681403
8200846454
7700869607
147101246R
8201027384
7700113071
7700107797
8200282949
7700107471
8200253725
147100385R
8200282949
147102408R
147106293R
147105039R
8200804050
147171653R
8200129863
147104647R
147229559R
147229559R
6001545462
8200270177
8200577965
8200270539
8200693739
8980306440
8200270539
8200796674
8200656008
8200327004
7086896176
8200129863
8200374875
8200374875
8200374875
8200630740
8200796674
8200729078
8201143495
7100477428
8200169634
8200469586
8201061904
8200282949
147101478R
8200282949
8200282949
8200282949
8200609274
8200201099
8200729079
8200270451
8200270451
8200796674
147101478R
8200836385
8200846454
8973667830
8200194323
8200229190
147105039R
8200796674
147106672R
8200194323
8201027384
8200282949
8200157971
8200407431
8201061904
8200327004
8200609274
8200129663
8200270177
8971102632
8200661049
147109816R
8200287088
8200609274
8200796674
8200609274
7348770138
147105039R
8200270177
8200609274
8200270177
223653584R
8200796674
8200796674
147100385R
8200987088
147109816R
8200693739
8200693739
0281002681
8200693739
8200327004
8200282949
147101478R
8200231630
8200327004
8200796674
8200796674
8200693739
147100385R
8200797706
8200327011
8200327004
8200507299
147100385R
8200488774
8200796571
147100361R
8200796674
147171653R
8200630740
8200327011
147101478R
8200507299
8200507299
8200630740
8200194323
8200194323
147101478R
8200340616
8200365186
8200171191
8200796674
147101478R
8200171191
7700107471
8201068965
147102557R
8200294794
8200327011
8200507299
8200693739
8200391624
8200222772
8200222772
8200164563
8200545260
8200797706
7700107471
8200987088
147355713R
0928400487
8200796674
8200796674
226404770R
8200846454
8200630740
8200201099
8200222772
8200374875
7700113071
8200374875
8200374875
7700113071
8200360201
8201353607
147100361R
5718221120
7700113071
8200796674
8200201099
8200719993
7700113071
8200374875
7700100230
7700107471
147106293R
8200836385
8200270177
8200374875
8200374875
8200270177
8200270177
8200270177
147355713R
8200374875
8200270177
8200374875
8200270177
8200469586
8200374875
8200796674
8200282949
147352070R
8200360201
8200661049
8200630740
8200545260
8200270177
8200270177
8200270177
8200270177
8200270177
8200630740
8201068965
8200542997
8200836385
8200836385
8200507299
8200836385
8200270539
8200987088
8200270539
147109869R
147109816R
7700113071
8200270539
147100789R
8200693739
8200719993
8200270539
7700113071
147105398R
147102557R
9681825280
8200247250
147100361R
8200360201
8200327011
8200282880
8200270539
8200282949
8200507299
7700113071
7700113071
8200846454
8200270177
8200374875
8200729079
8200270177
8200270177
8200270177
8200270177
8200164563
8200247250
8200656008
8200514985
147105308R
147357324R
147104647R
8200327004
147109869R
8200729079
8200542997
8200282880
8200270177
147106672R
8200194323
8200693739
8201027384
8200661049
147105039R
8200374875
8200374875
8200550348
8200222772
147100789R
8200796674
147104647R
8200327011
147105543R
8200797706
8200797706
8200542997
147105543R
8200846454
8200719993
8200796674
147350678R
7700113071
8200797706
8200661049
147104647R
8200630740
147102557R
8200987088
7700107471
147109816R
147100361R
8200327004
147102408R
8200836385
147100385R
147105308R
8200804050
147100789R
147105039R
8200836385
8200846454
8200128863
147102557R
147102557R
147102557R
147102557R
7228181702
8200229190
7700113071
7700113071
147109816R
8201353607
147109869R
147102408R
147171653R
8200804050
8200330810
147109074R
8200374875
8200217519
147103371R
8200796674
8200056350
8201068965
8201068965
9671187780
8200354784
147356133R
8200463548
147106293R
8200561269
9671187780
8200354784
147356133R
147102408R
147102408R
8201061904
147105543R
8200836385
8200231630
8200282949
147102408R
8200164563
8200374875
147100385R
147171653R
147105543R
7700113071
7700113071
7700113071
8200790180
147100361R
8200804050
147102408R
8200164563
7700107471
140032531R
147102408R
8200661049
7700113071
140033370R
8200630740
8200374875
8200850755
147100361R
8200729079
147102408R
7700113071
8200270539
147100361R
147104647R
147100361R
7700113071
8200374875
8200796674
7700113071
7700113071
8200270539
147100361R
8200374875
7700113071
147100361R
8200836385
147105039R
8200088888
8200231630
7700107471
7003680600
7700107471
147102557R
8200542997
8200167563
8200796674
8201143495
8200796571
8200231630
147105039R
8201027384
147103371R
8200846454
8200836385
8200294794
8200719993
147109816R
147102408R
8200276591
147170061R
147101246R
147357086R
8200719993
8200294794
8200719993
8200719993
8200719993
8972292313
147355713R
147357324R
147357324R
147100361R
147359823R