5718221120
7701058850
147106672R
9681825280
147101246R
8200270539
7700107471
8200846454
147103921R
147109913R
147102557R
8200796674
5718221121
147106672R
147106293R
8200270177
4319900500
8200418428
7700869607
8200542998
8200129863
8201353607
8200270539
8200129863
8200270177
147106293R
8200129863
8200846454
8200129863
8200846454
8200270177
5718221121
5718221120
5718221121
7701058063
147105300R
147105543R
147170061R
8200850755
147106293R
7701058850
147106293R
8200846454
8200846454
8200846454
8200846454
8200846454
8200846454
7701058850
8200846454
8200846454
8200846454
147101246R
7701058850
8200270177
8200846454
8200846454
8200796571
7700107471
8200542998
147105543R
8200846454
8200846454
8200270177
8200846454
5718221121
8200463548
8200846454
8200796674
5718221120
8200796674
147106672R
147351186R
8200270177
8200796674
147109948R
147171945R
7701058850
7701065038
8200282879
8200157971
8200293950
8200360201
5718221121
5718221121
8200987088
147105543R
7701058063
7701058850
7701063353
5718221120
7701209370
7701209370
147170061R
147170061R
147171945R
8201143495
147109074R
147104647R
147103371R
8200987088
8200467030
8200542998
8200542997
8201143495
147102557R
147104647R
5718221121
8200542998
8200330810
8200542997
7700107797
8200229190
8200231630
8200282880
8200656008
8200004883
8200850755
5718221121
7701058850
8200270177
8200850755
8200850755
5718221121
7701058850
7701058850
8200850755
8200850755
8200850755
147170061R
8200850755
7701058063
8200850755
5718221121
147106672R
7701058063
7701058063
147109913R
5718221120
8200129863
8200129863
8200850755
5718221120
5718221120
8200270177
8200270177
8200270177
8200270177
8200270177
8200796571
8200129863
147109948R
5718221121
8200796571
8200088888
8200850755
8200797706
8200129863
8200850755
5718221121
5718221120
8200129863
8200270177
147100789R
8200850755
8200850755
8200797706
8200270539
8200360201
8200797706
5718221120
5718221120
5718221120
147109948R
7701063353
147106672R
8200129863
8200270177
5718221121
8200850755
8200270177
8200129863
8200129863
5718221120
8200796571
8200796571
8200796571
8200796571
8200129863
8200129863
8200129863
8200796571
8200796571
5718221120
8200542998
5718221120
8200850755
8200850755
147106672R
8200850755
8200846454
8200846454
8200796674
5718221120
8200270177
8200270177
8200270177
8200270177
8200542998
147106672R
147106672R
8200846454
8200846454
7701058850
8200129863
8200129863
8200129863
8200129863
8200129863
8200846454
5718221121
5718221120
5718221121
8200846454
8200270177
8200270177
8200846454
8200469586
5718221120
5718221121
8200846454
8200129863
8200129863
8200129863
147106672R
7701058850
8200270177
8200270177
8200270177
8200846454
8200850755
5718221121
8200846454
147106672R
5718221120
5718221120
7701058850
8200846454
8200846454
8200846454
8200846454
8200270177
8200270177
8200270177
8200270177
8200270177
8200270177
147170061R
8200796674
147105543R
147109948R
8200463548
147105039R
147101246R
8200270539
8200463548
147105543R
8200463548
147105543R
147101246R
8200463548
8200463548
8200463548
8200463548
8200542997
8200270539
147105300R
8200561269
8200129863
147105308R
8200542998
8200129863
8200270177
8200846454
147106293R
7701209370
8200222772
7701209370
8200222772
8200129863
8200129863
8200129863
8200129863
7701058850
8200411031
8200846454
8200846454
8200846454
8200129863
7701058850
147105039R
8201061904
147106293R
8200129863
8200846454
8200327004
147109869R
8200850755
8200850755
147102974R
8200836385
147107644R
147109869R
7485133220
8200796674
8200282879
8200796674
8200850755
8200850755
147101246R
7701065038
147171945R
8200270177
8200270177
8200270177
8200270177
8200270177
7701058850
8200129863
147106672R
8200850755
147106672R
147106672R
8200850755
8200850755
7701058850
147105308R
8200270177
7701209370
8200222772
7701065038
147106672R
8200129863
8200850755
7701058850
147106672R
8200463548
147109913R
8201143495
8201684044
147101246R
8200463548
8200129863
8200129863
7701058850
147355238R
8200846454
8200270177
8200129863
7701058850
8200270177
7701058850
8200270177
8200307144
8200222772
147357337R
8200129863
8200797706
8200850755
8201684044
8200270177
8200270177
8200270177
147355224R
147109869R
147105982R
8200129863
7701058850
8200850755
8200129863
8200850755
147357337R
147170061R
8200987088
8200912059
8200463548
8201353607
8200796674
147104647R
8200910446
8200910446
147355224R
8200910446
147109913R
147351186R