410608638R
0986494090
0986494867
0252324518
410605649R
440603734R
410608638R
410608638R
0986494278
0986494031
0986494867
7701207615
0986424451
0986424636
0986424616
0986494816
0986494600
410608638R
6025371279
0986494500
410605612R
0986494500
0986424080
0986494656
0986494381
0986494500
0986494816
0986494090
0986494857
0986494500
0986494295
410604441R
0252916020
0986494033
7701208416
410604775R
410608481R
6000008895
410609192R
0252511218
440600866R
0986494612
1304604966
0986494278
0986424636
410608638R