7700109812
226805389R
7700314057
226805389R
8200280056
8201038625
8200651315
7700314669
8200299956
8200235277
8200203767
8201267959
8200280060
226807131R
8200280065
226807131R
8200280060
8200280060
7700105010
7703507697
8200203767
8200651315
7700314057
7700105010
7703507697
2137197920
8200651315
2137197930
7700314057
2137197370
8200280056
2137197930
7700105010
2137197920
0281002461
8200203767
8200280060
7700109812
8200655623
7700105010
165765213R
7703507697
7700105010
2137197080
226805389R
8200299956
8200299956
8200299956
8200299956
8200299956
8972410832
2137197710
8200299956
8200280060
7703507697
8200028006
2137196950
7700314057
8200280065
226805389R
226805389R
226805389R
8200280065
8200682558
8200651315
0280218079
8972410832
7700314669
8200358901
8200914647
8200651315
7700314057
226805389R
226802715R
7700109812
7700314057
3523161709
8200280056
226802715R
8200280060
8200021852
1371224759
8200280060
226807131R
8200235277
7700314057
8200280060
2137197930
8200682558
7700314669
4093900500
2137197930
1371224759
7700109812
8200651315
165765213R
226805389R
7700105010
226807131R
7700105010
8200682558
8200203767
8200280060
7700314669
226805389R
8200327690
7700104426
7700314057
8200358901
8200299956
8200280065
7700314057
8200280065
8200651315
8200651315
8200235277
8200280065
8200280056
8200280056
7700109812
8200299956
8200357204
8200280056
8200702183
8200280056
8201267959
8200280065
1371224759
8200534179
8200280056
7700314057
8200280056
165765213R
226805062R
7700104426
226805062R
2137197080
7703507697
7703507697
7700100572
7700105010
8200235277
8200280060
8200280060
8200280060
7700105010
7703507697
226805389R
2137197710
2137197590
8200235277
8200682558
8200280065
7700314057
4393900300
2137196450
8200280060
8200682558
8200280056
8200280060
8200280060
1371224759
2137197370
7700314057
8200280060
7703507697
7700100572
8200280060
2137197370
8200682558
8200358901
2137198130
7700314669
8200299956
8200203767
226805389R
226805389R
2137197080
8200235277
8200235277
8200280060
8200280060
8200280060
8200280060
8200592969
0280218079
7700104426
7700109812
7700314057
7700314057
7700314057
8200280056
8200280056
2137196950
8200035487
2137197930
2137197710
8200280056
8200280060
8200280060
8200235277
7703507697
8200280060
7700314057
7703507697
7700100572
7700105010
2137197920
8200280060
7700314057
7700314057
2137197920
2137197370
2137197590
7700314669
2137197080
7700314057
7700314057
8200299956
2137197930
2137197590
2137197080
2137197710
8200682558
8200682558
8200203767
7700314057
7700314057
7700314057
7700314057
8200299956
7703507697
7700100572
7700105010
7700105010
7700314057
7700314057
7700314057
7700314057
2137197710
2137197930
2137197590
2137197080
7700314669
8200280060
2137196950
7700314057
7700314057
7700314057
7700314669
7700314057
8200682558
7700314057
8200299956
8200299956
7700314057
8200280065
8200203767
7700105010
2137197710
2137197920
2137197080
7700314057
7700314057
8200235277
2137197590
2137197370
7700314057
8200655623
226807131R
226807131R
226805389R
2268075000
0280217107
8200702517
7700109812
7700105010
7703507697
7700314057
8200655623
7700314057
8200280060
7700109812
7700109812
7700105010
7700105010
8200651315
226805062R
0280218146
8200651315
165765213R
8200203767
8200682558
8200243886
8200287157
8200651315
7700104426
8200358901
8200682558
8972410832
8200358901
8200651315
8200651315
7700314669
8200914647
0281006604
8200330810
8201267959
8200914647
8200280060
8200702183
8200914647
8200358901
7403507697
7700100572
8200280060
8200682558
7700100572
7403507697
226807131R
8200280056
8200203767
8200235277
8200299956
8200299956
8200299956
8200235277
7700105010
8201412031
7700314057
7700105010
7703507697
7700314057
7700314057
8200280065
8200592969
8200914647
8200021852
7700109812
0280218146
8200454482
8200203767
7700314057
8200280060
226805389R
8200280065
7700105010
226805389r
7700104426
8200914647
7700314057
8200682558
8200280060
8200280065
8200004997
8200299956
8200914647
7700104426
8201267959
7700109812
0280218079
8200280060
7700109812
165765213r
7700314057
8200280060
8200702183
8200454482
7700314057
8200702517
7700314057
226805389R
8200300002
8200358901
7700109812
226807131R
226802715R
226805389R
7700314057
8200702183
165765213R
8200358901
8200914647
8200682558
8200682558
8200682558
8200299956
8200682558
8200357204
8200300002
8200914647
7700109812
226802715R
2137196450
8200655623
8200280060
8200280060
8200280060
7700314669
7700109812
7700104426
8200280060
165765213R
7700314057
7700314057
8200592969
7700104426
7700314057
8200686267
7700314057
165765213r
8200280065
226802715R
8200280065
8201412031
7700314057
7700105010
8200914647
8200914647
8200682558
8200651315
7700109812
7700314057
8200702183