7700314057
7700314057
8200280060
8200914647
7700314057
8200914647
8200682558
2137197920
7700105010
7700109812
8200914647
7700314057
8200651315
8200280060
7700109812
8200358901
8200358901
2137197370
2137197490
8200682558
2137197920
2137197920
7700314057
8200682558
7700109812
7700314057
7700314669
8200280056
0281006188
8200914647
8200280065
7700109812
7700109812
7700109812
7700109812
7700109812
7700109812
7700109812
7700109812
7700109812
7700109812
7700109812
7700109812
7700109812
7700109812
7700109812
7700109812
7700109812
7700109812
7700109812
7700109812
7700109812
7700109812
7700104426
7700109812
7700109812
7700104426
7700109812
7700109812
7700109812
7700109812
7700109812
7700109812
7700109812
7700109812
7700109812
7700109812
7700109812
7700109812
7700109812
7700109812
7700109812
7700109812
7700109812
7700109812
7700109812
7700109812
7700109812
7700109812
7700104426
7700109812
7700109812
7700109812
7700109812
7700109812
7700109812
7700109812
7700109812
7700109812
8200682558
8200682558
7700109812
8200280065
8200682558
6070940048
8200651315
8200280065
8200280065
8200914647
7700314057
7700109812
8200203767
8200280065
8200280060
7700109812
8200358901
8200682558
8200280060
0280218089
7700109812
7700109812
8200327690
8200280060
2137198130
8200280060
7700314057
0281006241
8200203767
2137196450
0280218089
2137196450
2137198130
7700109812
7700109812
2137197080
8200280065
8200914647
2137198130
2137198130
8200682558
7700109812
7700109812
8200280060
2137197370
2137196450
8200358901
7700109812
8200235277
2137198130
8200280060
2137196450
8200280065
8200373771
7700104426
7700109812
7700109812
7700109812
7700109812
7700104426
7700109812
7700109812
7700109812
7700109812
7700109812
8200280060
7700109812
7700109812
7700104426
7700109812
7700109812
8200682558
8200280060
8200280060
7700109812
7700109812
7700109812
7700109812
7700109812
7700109812
7700109812
7700109812
2137197370
2137196450
0928400671
0928400682
7700109812
7700109812
7700109812
7700109812
7700109812
7700109812
7700109812
7700109812
7700109812
7700109812
8200280065
8200914647
226807131R
7700109812
7700109812
8200914647
226807131R
226807131R
226807131R
7700109812
7700109812
2137196450
7700314057
7700314669
8200682558
2137197370
8200358901
8200280065
8200203767
7700109812
226802715R
237108768R
7700314057
2137196450
2137197080
2137197930
8200280060
7700314057
8200280065
8200280060
8200651315
8200914647
7700109812
226807131R