0281006028
0281002961
8200719629
0281006118
0281002437
0281002680
8200719629
8200225971
0281002593
223657266R
0281002573
0281002996
0281006028
0281002844
223651975R
0281002996
0281002593
0281002996
7700106886
7700111957
223656551R
0281002573
0281002593
8200225971
6148990020
0281002961
0261230560
223658143R
223650002R
223658143R
0281002573
223658143R
9618261580
9639418980
6148990017
6148990017
6148990017
6148990017
6148990017
223653148R
223650002R
0281002576
9639418980
0281002961
8200375977
7700111957
8200168253
0281002709
223653394R
8200375977
7700101762
223656551R
0261230560
9639418980
7700105867
8200168253
0281002552
223658143R
8200225971
0281002961
223658143R
8200155613
8200168253
223651975R
223658143R
223658143R
8200168253
0281002996
0281002740
8200105165
2158100065
223653584R
8200225971
9407006900
8200375977
8200719629
6148990020
6148990020
223653148R
6148990020
0261230443
6148990017
8200811025
223657266R
7700101762
223658143R
223655883R
6148990017
6148990017
223658143R
8200168253
8200168253
223658143R
223658143R
6148990017
0281002573
8200194432
223658143R
0281002573
6148990017
6148990017
223656551R
0281002573
8200168253
6148990017
223658143R
8200194432
8200225971
9407006900
8200790180
8200105165
8200603558
7701062395
7701062395
7701062395
0281006028
8200375977
7700106886
0281002958
7701062395
8200375977
8200375080
223657458R
0281006108
223653394R
223653584R
223656551R
223657266R
223656551R
0281002961
8200375977
7700111957
7700111957
223650754R
9631813680
223658570R
223651975R
8200375977
0281002552
8200719629
0281006028
0281002552
0281006028
0281006108
7701069830
223657266R
223656551R
223656551R
8200685363
8200105165
0281006108
223650002R
8200155613
8200375977
223656551R
223655883R
0281002576
223652412R
7700106886
8200194432
8200105165
0281002961
0281006028
8200375977
7700419117
223653394R
8200168253
0281002552
223651975R
8200168253
8200375080
8200168253
223651975R
8200685363
223656551R
0261230560
0281002958
223656551R
8200292433
8200375977
0281006108
0281002958
0281002958
0281002573
0281002566
223653584R
0281002958
0281006108
0281002740
0281002593
0281006108
223653584R
9639418980
223650754R
8200292433
0281002740
0281006391
223657652R
0281002997
8200843680
223657458R