0986494032
7701209100
410600012R
0986424671
0986494288
0986494816
0986494867
0986494816
0986494867
0252470917
0986494556
410602933R
6001549803
0986494730
0986494556
410602933R
0986494278
410600032R
0986494288
0986494278
0986460946
0986494278
0986494032
440601689R
0252206518
0252206518
440601689R
440604876R
440607091R
0986494441
0986494600
0986494600
7701209869
0986494600
0986494600
410608885R
0986494556
0986494821
0986494439
0986494278
0986494528
0986494034
0252324518
0986494197
410609192R
6025371662
0252361318
0986494441
440603905R
6001549803
0986494295
1304603814
410608638R
0986494401
6001549803
1263701810