8200123061
161206038R
8200843370
8200568771
8200578645
8200123061
8200123061
8200471660
8200063652
8200063652
4082398220
8200330810
8200568712
8200503217
8200190230
8200096038
8200568712
8020115567
8200096038
8200619046
8200843370
8200243886
8200285017
4082398210
8200243886
8200568712
8200568712
8200166869
8200051274
8200059268
8200061066
8200061066
8200123061
8200987453
145138377R
8200063652
4082398220
8200051274
7701474709
8200284968
8200059268
8200198149
7700273699
8200123061
8200171134
8200171134
8200568712
8200063652
8200190230
8200582237
8200330810
8200063652
8200285017
8200614985
8200568712
8200061066
8200843370
7701062300
8200063652
8200096038
8200063652
8200123061
161192787R
8200908869
8200171134
8200736114
8200614985
8200987453
8200284968
8200171134
8200190230
8200063652
8200843370
8200568712
8200243886
8200063652
4082398220
7700108120
9640796280
8200620254
8200619046
8200330810
8200198149
8200620254
8200568712
7701062300
8200330810
0281002681
8200330810
8200139460
7701051585
7701474709
8200063652
7701049736
8200843370
8200987453
8200063652
8200123061
8200123061
8200578645
8200190230
8200682611
8200063652
8200063652
8200843370
8200843370
7701047908
7701044400
8020008133
161206038R
8200843370
8200843370
8200843370
7701042783
8200614985
8020011225
8200096038
7701062300
8200190230
0281002681
8200330810
147100789R
8201068965
8200754913
4082398220
147100789R
8200063652
8200578645
8200063652
8200061066
8200051274
8200059268
8200061066
0438201169
8200166870
8200198148
0350700430
8200063652
8200123061
8200063652
161203209r
8200243886
8200754913
161203209R
8200302798
8200162187
8201068965
8200063652
8200123061
8200051274
7701062300
8200578645
8200570865
8200171134
8200190230
8200063652
7700872146
8200171134
0280750654
8200063652
8200063652
161206038R
8200063652
8200302798
8200190230
8200570865
8200568712
8200630740
8200171134
8200217519
8200063652
8200063652
8200123061
8200065648
8200190230
8200171134
8200908869
7701474709
0280750030
7701474709
8200061066
8200063652
8200190230
8200166869
8200330810
8200614985
8200067219
7700105042
147103371R
8200166870
8200153268
8200578645
8200065648
161203209R
8200063652
8200568712
8200065648
8200059268
8200987453
8201374868
8200330810
8200063652
161203209R
8200198148
8200081066
147104647R
8201143495
8200110994
8200568712
8200190230
8200063652
8200063652
7701474709
8200302798
8200330810
8200063652
8200287157
8201119432
8200059268
8200987453
0280120301
8200568712
7701062300
8200754913
8200568712
7700108120
8200908869
8200568712
8200987453
8200987453
8200063652
8020115567
8201374868
8200063652
8200330810
0281002681
8200330810
8200330812
8020011225
8200620254
8200063652
145138377R
8200287157
8200630740
8201119432
8200687288
8200063652
4082398210
7701062300
8200582237
8200123061
161203209R
2910000087
7701062300
0438201530
8201354832
7700313060
8200754913
8200063652
147109913R
8200063652
8200063652
8200063652
8200828992
8200059941
8200754913
8200744823
8200578558
8200330812
8201171233
8200063652
8200063652
8200123061
8200063652
8200123061
8200063652
8200843370
161206038R
8200063652
8200123061
8200843370
8200056350
8200243886
8200330812
161206038R
8200302798
8200987453
8200727648
8200063652
8200124251
7701474709
147100789R
8200570865
161206038R
8200063652
8201354832
147104647R
8200578645
147105039R
7700875435
7700105042
8200056350
161206038R
8200056350
4082398220
8200063652
8200123061
8200056350
147104647R
8200243886
147100789R
8200067219
0280750598
1082398220
8200330810
8200614985
147104647R
147104647R
8200243886
8200987453
9673534480
147100789R
8200190230
8200171134
8201143495
7700875435
7700875435
8200166869
8200067219
8200614985
8200987453
8200987453
8200987453
147102408R
161206038R
8200797796
7701051585
8200693739
8200123061
2910000087
2192442405
8201267959
8020115567
8200123061
8200123061
8200123061
8200330810
8200153268
7701062300
7701474709
2910000087
8200063652
4082398220
8200063652
8200123061
8200063652
7701474709
7701474709
7701474709
8020011225
161203209R
7701051585
8200568712
4082398220
8200063652
8200123061
8200061066
8020011225
8200843370
8200065648
7700875435
7701062300
8200243886
8200190230
8200171134
7700868844
8200987453
7701474709
8200754913
8200065648
7701474709
8200728892
7701474709
8200061066
8020115567
8200578645
8020008133
7700105042
7700861679
161192787R
8200217519
7701047908
161206038R
8200065648
147100789R
8200083206
8200051274
8200065648
161203209R
8200843370
7701049736
8020011225
0350700431
145138377R
8020011225
8020000000
8200065648
8200987453
8200171134
7700861679
8200843370
8020008133
7700105042
161206038R
8200987453
8200709549
8200908869
8200908869
8200908869
8200503217
8200503217
8200908869
8200908869
8200908869
8020008133
0280750041
161192787R
8200123061
161206381R
8200619046
8201374868
8200843370
8200083206
8020008133
8200843370
8200843370
8200843370
8020015469
7700861679
8200110994
8200987088
8200065648
8200578645
8200110994
0280120301
7224708000
165785537R
8200987453
8200302798
147104647R
7700850100
8200166870
8200570865
8200063652
8200123061
8200302798
8200171134
7700875435
2910000087
8200330812
2910000087
8200123061
8200063652
4082398220
8200056350
8200302798
7701055402
8200908869
7701206378
7700108120
8200754913
8200123061
0438201142
8200614985
8200570865
2582402702
8200987453
8200330810
8200065648
8200123061
8200568712
147100361R
200106988R
7701044743
7700273699
8200243886
8200190230
161203209R
8180768000
8200987453
7701062300
7279700002
8201374868
8200568712
8200063652
8200063652
8200793841
8200568712
8200987453
8201374868
8200067219
8200190230
8200171134
8200064652
4082398220
8201143495
161192787R
8200190230
8200063652
7701062300
8200570865
8200987453
7700859709
8200987453
8200063652
8200330810
8200578645
8200190230
8200190230
7700868844
8200736114
8201119432
8200166870
8200568712
8200190230
8200171134
8200330810
8200578645
8200843370
7701057074
8200067219
8200619046
8200987453
8200063652
8200736114
147109913R
0281002681
7700856933
147807424R
7701062300
161203912R
8200568712
161206038R
8200754913
8180768000
8200063652
7701062300
7701051585
161201190R
8200987453
8200063652
8200987453
8200330810
8200987453
147103371R
8200190230
8200987453
8200727648
8200063652
8200614985
161207645R
161206038R
147100789R
147104647R
7700875435
147104647R
8200630740
8200987453
8200727648
8200330810
8200987453
0281002681
8201374868
4082398220
8200987453
8200578645
8200614985
161206038R
8200198149
8200190230
147808010R
147100789R
7273303008
8200568712
0120105161
7273303008
8200987459
147808010R
8200061066
8200063652
8200630740
8200578645
8201269254
147102408R
8200614985
8200110994
7700105042
8200568712
8200330810
4823982200
8200063652
8200063652
8200190230
8200190230
8200061066
8200189148
8200056350
147100789R
8200576664
8200302798
8200166869
8200067219
8200568712
8200166869
8200568712
8200568712
8200568712
4082398220
8200568712
8200568712
8200284968
0281002681
8200284968
8200330812
8200166869
8200190230
8200063652
8200568712
8200190230
8200987453
8200063652
8200123061
8200987453
7700273693
8201269254
8201143495
8200330812
161206038r
9673534480
8200987453
0281002681
0281002681
8201143495
8200754913
0281002681
8200222200
147100789R
0281002681
8200568712
8200407431
7700107471
8200578645
4082398220
8200056350
8200096038
8200576664
8200568712
8200067219
8200190230
8201374868
161208038R
8200987453
7700109812
8200987453
8200056350
147104647R
161206381R
8200614985
8200987453
4082398220
161206381R
147100789R
161203912R
8200051056
8200061066
8200171134
8200578645
8200793841
8200063652
8200123061
8200330810
7701062300
8200330810
161206038R
112318640R
8200063652
8200123061
7701057074
8200568712
8200330810
8200063652
8200123061
8200171134
8200614985
8200330810
0281002681
7700861679
7701062300
8200987453
8200570865
8200987453
8200123061
8200171134
161204132R
7700273699
8200330810
8200578645
8200987453
8200796674
8200063652
8200190230
8200987453
8200055926
8200061066
8200794258
8200620254
8200330810
147104647R
8200987453
8200217519
8200302798
8200330810
8200063652
8200330810
8200330810
8200285017
8200284968
8200987453
8200063652
8200987453
8200987453
8200614985
8200754913
8200754913
161206038R
8200190230
8200828992
8200056350
147102557R
8200987453
8200987453
161206038R
7700273699
161206038R
8201171233
8200987453
7700861679
8200330812
147100789R
8200063652
8200330810
0281002681
147103371R
7700273699
8200578645
8200330810
8200190230
8200614985
8200330810
8201143495
8200166869
161206038R
161204451R
8200620254
8200330812
8200987453
147102557R
8200578645
8200828992
8200330810
8200578645
8200754913
8200987453
8200987453
8200190230
8200754913
8200124251
7700273699
8200056350
8200330810
8200330810
8200407431
8200987453
8200987453
8200330810
8200330810
8200987453
8200578645
8200987453
8200124251
7700961679
7700273699
8200987453
8200570865
8200063652
7701062300
8200797706
8200578558
8200570865
140030983R
8200330810
8200330810
147100385R
8200330810
8200171134
8200503217
8200987453
8200190230
8200063652
8200067219
7700961679
8200576664
8200754913
161203209R
8200614985
8200330810
8200190230
8201374868
8200987453
8200793841
161208729R
161204451R
8200190230
0281002681
4082388270
161203209R
8200190230
8200063652
161206038R
161202859R
8200570865
8200987453
8200330810
8200728892
8200063652
7700273699
0281002681
8200614985
8200570865
8200987453
8200754913
8200614985
8200059268
0280750041
0281002681
8200987453
8200330810
8200568712
147100789R
8200124251
8200754913
8200471660
161206038R
8200578645
8200987453
8200614985
8200190230
7701206377