7700102539
7701206370
8200682611
7700859134
0132008600
0280140516
8200033540
7701042784
7700102539
8200692605
8200692605
7702217296
7701047909
7700744614
7700859134
8200033540
2300160792
6140360012
0132008600
8200033540
8200692605
6140360012
8200033540
6140360012
6140360012
8200692605
8200692605
7701206370
7700100946
6140360012
6140360012
6140360012
6140360012
0132008602
0132008602
7701047909
1216000100
2300160792
2300160792
2300160792
0280140545
0132008602
0280140545
0132008602
2300160792
8200033540
7701044401
7700859134
7701042403
8200692605
7701047909
7701042784
7700744614
8200211431
0280140516
0269060496
0132008602
0280140545
147100361R
8200033540
7701042403