562101910R
7700410398
8200097418
3518770700
3571180700
3571200700
3562090700
3574110700
7700816045
7700808490
7700410398
4153260000
4153260100
7700413096
7700308589
7700308590
7700824119
7700426693
7700729342
562100664R
3518770700
472105487R
3570910700
3562090700
8200097418
3562090700
562109362R
8200283393
8200108182
562100476R
3518770700
562109815R
562109815R
562107338R
3533520700
8200737471
562107338R
8200330197
3565010700
8200222456
6001547072
3518480700
6025308758
562106844R
562107519R
8200193017
562106844R
562106844R
562106844R
8200587187
562102972R
7700426693
7700426693
3533520700
562102878R
562102878R
3561440700
562106844R
562102972R
3561560700
7700413096
4153260000
4153260100
562106844R
3561440700
3565010700
3561440700
8200108182
3562090700
3533520700
3570910700
7700808492
7700828681
7700789511
7700426693
8200287736
8200029306
7700273478
7700846661
7700840636
7700413096
7700429977
7700308590
7700308589
7700846661
7700840636
3562090700
7700310737
8200216799
8200216799
7700308590
8200029306
8200216799
8200647880
7700827626
3561270800
3574110700
7700824119
6025308758
562100036R
562100036R
3561960800
8200256337
8200934064
562107338R
562106029R
562108344R
8200556695
8200868514
8200800724
8200675680
8200382033
562109815r
562109815R
8200953294
562103341R
5010630702
562101385R
5010630728
7420854448
562105955R