0986424011
0986424671
410608638R
0986494697
0986494856
6001549803
0986494856
0986494331
0986494043
410608638R
0986494032
0986494289
410608638R
0986494722
0986494289
0986494288
0986494043
0252261019
410604076R
0252309918
0252309918
0252309918
0252309918
440602154R
0986424532
0986494697
0986424532
0986424531
0986424531
0986494499
0986424451
0986494031
0986494730
0986494401
6025407835
410608638R
0986494295
0986494528
440603905R
7701054772
410602581R
7701054772
6025371662
0986494288
0986494031
0986494528
0986494722
440600002R
0986494600
0986494043
0986494197
0986494612
410608638R
7701206763
410602192R
0986494600
0986424021
0986494600
0986494697
0986424021
0986494331
0986424671
0986494043
0986494331
0986494331
0986494288
0986494032
0986494697
410600629R
0986494528
0986494600
0986494697
0986494500
0986494034
0986494500
0252208718
0252309918
7701054772
0252470917
0252471018
0252511218
410607613R
410607613R
0986494817
1304702740
410607613R
0986494556
410607369R
410608638R
1304603800
410607716R
410604386R
7701207339
410601334R
1304607266
1304602870
1304607251
1304603806
1304602832
1304603815