562102469R
3518770700
8200675679
3571180700
7700830491
7700830492
3561080700
8200742812
3518480700
3561560700
3562080700
7700426693
562100172R
562102854R
562107788R
6001549248
8200417472
6000056757
7700532643
7700661562
7700729343
7700427536
7700824780
7700411047
7700802607
7700411047
6001549248
6001549248
7700422518
7700830493
7700410586
7700422518
562106255R
7700314021
8200311204
562100001R
562108573R
7700412915
562106255R
8200108183
8200108182
3562080700
8200122218
562109815R
7700422518
8200033595
7700824119
562106255R
562108573R
8200675683
8200283391
6025308758
7700412915
7700428438
6001547071
2200222457
8200953294
8200715101
562100001R
6001549248
8200106122
562105955R
562100035R
7700827626
3571180700
8200256337
7700840636
7700428602
3352675722
7700413096
7700429977
8200287404
8200038258
3561560700
3533520700
8200256337
3514440700
8200715106
7700412915
7700314746
8200309846
8200038260
7700430760
543021082R
7700311596
7700413096
7700429977
8022452699
562108573R
7700840264
543024308R
7700426693
8200287736
7700412915
7700413096
8022452699
562108573R
3561560700
7700412915
8200715148
6267250017
3518480700
8200587187
3518480700
8200587187
3518480700
6267250017
6267250017
6267250017
7700430760
543021082R
6001549248
7700413096
7700429977
7700824119
3571180700
7700412915
7700840264
3317003101
7700824119
7700829429
7700824119
3562080700
3518480700
7700802609
3570910700
7700415822
7700410398
7700840636
8200117296
8200742812
7700823130
543022707r
8200675683
3561560700
8200584312
8200306764
7700436107
7700732138
8200046851
8200024946
7700789511
7700825484
8200256337
7700840264
543024308R
543020054R
562103341R
562100664R
562101993R
562101932R
562100007R
543020057R
543022707R
562108573R
543020057R
5010600073
562102469R
8200934062
5010239642