543029025R
562103964R
562106255R
3561590700
562108595R
3562080700
7700436108
3561130790
7700830493
543020008R
8200779901
3561130790
7700823130
7700799994
7701400500
562103901R
562106313R
8200750133
7700822620
7700411047
7700535657
7701400131
562102923R
7700428115
8200452695
7700428115
7700310097
7700436108
5000453057
7700308590
7700426693
6001550752
8200675679
6001550751
7700792617
8200256633
8200256633
3517570700
7700428438
562103768R
3570900700
7700838084
7700808490
3570900700
562103964R
562106844R
562103002R
562102469R
8200868516
8200362637
8200209784
562106017R
3561590700
562108573R
562103002R
8200117296
562107519R
562103964R
8200662261
543022344R
562105043R
543020055R
8200675681
3565020700
8200256633
8200452695
3352675722
562108595R
562100026R
7700428602
8200108182
8200222457
8200287687
8200117296
8200675681
6025314020
6025312296
6025314022
7700830491
7700830492
3352675722
8200222457
8200222456
8200117297
8200117296
6025303083
8200662265
7700839378
7700412915
7700430760
8200216267
8200038258
8200122218
7700434923
8200221816
8200299818
7700435335
8200299818
7700435335
8200106122
8200181928
7700428602
8200299817
7700844056
8200024935
6001549248
6001549249
7700844056
8200024935
6001549248
6001549249
8200742812
8200029307
7700308590
7700792617
7700793074
8200662265
7700839378
7700436108
8200299821
8200222456
8200222457
8200675682
8200807029
7701477961
7700430152
562105955R
3562080700
7700789511
7700825484
7701479088
7700822620
7700411047
7700311596
7700314021
6001547071
6001550751
562105043R
8200117296
6025303083
543025870R
7700310737
8200024939
7700314746
7700273478
7700419235
543027096R
543029762R
8200181928
562107338R
7700434923
8200675679
7700308590
7702109439
7700145029
562101202R
562106844R
8200675681
8200024938
562103964R
8200742812
8200452699
8200212633
8200387242
543020017R
562102387R
562103341R
562103341R
562107704R
532102044R
562103074R
5010383694
5010383689