562105958R
8200620347
543021923R
543038868R
562102295R
562107157R
562105958R
562109801R
562100001R
562100007R
562100033R
562109801R
8200620380
1417000025
5010630702
7420867988
543029696r
8200620347
7700840636
7700846661
7700436108
8200737474
8200728279
543036918R
543025750R
543028774R
8200127279
8200676024
8200278971
8200222460
7700734436
7700734436
5010647062
8200117298
8200117296
8200117297
8200620380
8200387237
8200387238
8200387239
8200620378
8200620383
8200237376
8200237375
8200237374
7700734436
7700734441
7700734437
7700734442
5010383697
5010294414
562107519R
8200287736
8200735212
7700422518
8200737473
7700839382
5010151151
5010013183
5010151020
4533230000
8200175099
8200374544
8200728279
8200212633
562100325R
562100325R
543025750R
543025750R