0252234719
410607115R
410600379R
8201612614
8200735281
7701209672
410600756R
0986424785
0986424021
8200735281
8201612614
0986494856
0986494725
0986424785
0986424532
410608638R
0986424532
0986494621
0986424532
0986494621
0986494856
410607613R
0986424532
0252514718
0252514718
0252514718
0252208718
0252514718
0252208718
410605961R
0986494295
410605649R
0986494661
0986424785
0986461765
0986494725
0986494735
0986494697
0986494697
0986494278
0986494556
440604694R
0252517218
0252517218
0252517218
0252517218
410606124R
410608638R
410606808R
410606124R
410606808R
0986494556
0986494278
440603905R
0986494730
0252208718
0252208718
0252208718
0252463217
0252463217
440604694R
0252511218
0252511218
0252511218
0252511218
0252463217
8201610642
8200735274
440606633R
0986494725
6000620052
0986494592
0986494817
7701209100
0986494034
7701209864
0986494730
0986494500
0986494439
0986494031
0986461765
0986494661
0986494592
0986494621
0986494592
0986494384
0986424021
0986494697
0986494697
0986494452
2208700703
8671016654
410609192R
7701207673
0252463217
0252517218
0986494612
440604591R
7701207339
7701206379
7701206380
0986494401
410607716R
1304702709
0986494499
1304607222
1304604858
1304602741
0986494498
1304607158
1304602600
1304607157
1304607221
1304607159
7701206763
410601408R