7700425228
8200298455
7700425228
7700425227
7700820028
8200243089
8200243086
8200243089
8200243089
8200243089
8200942407
8200942407
8200942407
8200942407
8200255761
8200255761
8200243089
8200389135
8200942407
7700820029
7700436302
8000273728
7700418376
8200048904
8000273728
8200298454
8200216376
7700820029
7700301727
7700301726
8200763294
7700820029
8000273728
7700425228
8200216376
8200763294
7700425228
8200763294
7700820029
7700820028
7700820029
7700820028
8000273728
8200216376
7700425228
8200216377
8200048884
7700418377
7700301726
8200048884
7700425228
8200216377
7700301727
7700301726
8200048883
7700301727
7700301727
7700301726
7700418376
7700820029
8200346941
7700425228
7700418377
8200243089
7700425228
7700425228
7700425228
7700425228
7700425228
8200346941
7700425228
7700425228
8200346941
7700820029
7700425228
8200243089
7700425228
7700425228
7700425228
7700425228
7700425228
7700425228
7700820029
7700301726
7700301727
8200048890
7700820029
7700301726
7700301727
8200048890
7700418376
7700436303
7700425227
7700820029
8200048890
7700418377
7700301726
8200048883
7700418376
7700301727
7701477385
8200942407
8200942407
8200942407
8200942407
7700820029
8200197187
8200737136
8200737125
8200737125
7700831369
7700831369
8200737125
8200737125
8200737125
8200737125
7700831369
8200737125
8200737125
8200737125
8200197187
8200737136
7700820029
7700418377
8200298455
7700418377
8200298455
8200048883
8200298455
8200298454
8200298455
8200298455
8200298455
7700418377
7700418377
7700418376
7700418377
7700418376
7700820029
7700820029
8200298455
8200298455
8200298455
8200298455
8200298455
7700436303
7700418377
7700418377
7700820029
545004529R
545004529R
8200763294
8200216377
8200216377
8200216377
8200763294
7700820029
545004529R
7700436303
8200216376
7700436302
545004529R
7700418377
7700418376
545004529R
545010294R
7700820029
8200763294
8200763294
7700418376
8200216376
7700436303
7700425227
8200346941
8200298454
8200737125
8200737125
7700818051
7700308892
8200298455
7700425228
7700425228
545006542R
7700425227
7701477385
7700425228
8200255761
7700820028
8200255761
7700425228
7700425227
7700436303
8200048900
8200216376
8200216376
8200942407
8200216376
8200048904
7700436303
8200298454
7700436303
8200298454
8200048884
8200737135
8200216376
7700418376
8200298454
7700820028
8200298454
7700418376
8200197178
7700430831
8200346941
7700436303
8200048900
7700436303
7700436303
7700425228
7700436303
8200048891
8200048884
8200346941
8200346941
8200346941
8200216376
8200389135
8200298454
8200298454
8200298454
7700425228
8200048884
8200737135
7700436303
7700425227
8200839124
8200048884
8200048890
7700436303
8200048891
8200048890
8200298454
7700425228
7700436303
8200255761
8200243089
7700820028
7700436303
8200389135
8200048884
8200737136
8000273728
8200346941
7700418376
8200048884
6001547519
7700794386
8200298455
8200298455
7700425228
7700436302
7700425228
7700425228
7700436303
8200048890
7700418377
8200346941
8200389135
8200389135
7700820028
7700820028
8200216376
8200197187
8200197187
7700425228
8200298455
8200048884
8200389135
8200346941
7700820028
8200298455
7700425228
8200389135
8200389135
7700425227
7700820029
8200216376
7700418376
1616050001
7700425228
7700425228
8200048883
8200389135
7700418377
1616050001
7700436303
8200389135
8200216376
8200048890
7700418376
7700418377
8200216376
8200216376
7700418376
7700418377
7700418376
545010294R
7700425228
7700425228
7700425228
8000273728
8200346941
8200763290
7700418377
8200737125
8200737125
8200737125
8200255761
7700820029
7700425228
8200737125
8200737125
7700418376
8200255761
8200255761
8200298455
8200048883
8200048883
8200389135
7700418377
7700418376
8200048883
7700425228
545010294R
8200737125
7700418376
8000273728
8000273728
8200298455
7700418377
7700425227
7700425227
7700436303
7700436303
8200763294
7700425228
7700425228
7700425228
545010294R
545006542R
8200763290
8200763290
545006542R
7700425228
7700425228
7700425228
7700425228
7700425228
7700425228
8200216376
8200216376
7700425228
8200048883
8200763290
545006542R
545006542R
8200763290
7700436303
7700425227
7700425228
7700425228
8200737125
8200243089
8200942407
8200942407
8200942407
7700425228
7700425228
8000273728
8200737125
7700818051
7700818051
7700818051
7700831369
7700831369
7700831369
8200737136
7700425228
7700425228
7700425228
8200942407
7700425228
7700425227
7700425228
7700820028
7700820029
8200216376
8200216376
7700418376
8200216376
8200216376
7700820029
7700820028
7700820029
545010294R
8200763290
7700425228
8200216376
8200216376
7700820029
7700820029
8200216376
7700425227
7700425227
8200763294
8200763294
8200763294
8200763294
8200048883
7700418377
8200763290
8200216376
8200763290
8200737135
7700308892
7700301700
7700820029
7700820028
545010294R
545004529R
7700820029
7700301727
8200048890
8200048884
7700418376
7700301727
7700820029
6001550446
8200910717
6001550910
8200910716
7700820029
7700425228
7700425228
7700820029
7700418377
545045297R
8200688033
8200395035
8200395007
7700436303
7700436303
7700425227
8200298455
8200216376
7700418377
7700418376
8200216376
8200389135
8200763290
8200688035
8200346941
8200346941
7700820029
8200298455
8200298455
7701477385
8200763294
7700425228
7700425228
7700425228
7700425228
7700425228
8200048883
8200216376
7700418377
8200216376
7700418377
7700418376
8200737135
7700418376
8200346941
7700425228
8200346941
7700425228
7700425228
7700425228
7700418377
7700418376
7700425228
7700425228
7700436303
7700820029
8200763294
8200298455
8200298455
7700820029
7700425228
8200298454
8200298454
8200298454
8200389135
7700418376
7700418377
7700425228
8200298455
8200216376
8200216376
8200763290
7700425228
7700425228
7700425228