8200243089
545019294R
8200255761
8200243089
8200243089
545004269R
8200255761
8200255761
8200255761
545019294R
545004269R
545057449r
401611363R
545001064R
8000273728
545004269R
8200346942
8200346941
8200243089
8000273728
545011362R
545004269R
8200026655
6001547520
8200841004
401611363R
8000273728
8000273728
7700820029
7700820028
7700820028
8000273728
8000273728
8200298455
7700425227
545014055R
545045297R
545014055R
545011362R
8200346942
8200346942
8200298455
8200298455
8200026655
8200346942
8200346942
8200346941
8200346941
8200346941
8200346941
8200298455
8200298454
8200298454
8200298454
8200026655
8200026655
8200026655
545016805R
545016805R
545016805R
545016805R
545019811R
7700794386
7700794386
7700783449
7700783450
7700783454
8200255761
7700820028
7700794387
7700425228
7700820029
7700436303
545050399R
7700430765
545016805R
8200688035
8200243086
545004269R
545049968R
7700794387
8200298454
8200298455
8200457209
8200457208
8200243089
8200026655
8200346942
8200346941
7700425227
7700794387
545040445R
8200346941
8200298455
551107894R
8200298455
8200346941
8200346941
8200298454
8200298454
8200048900
7700430765
1616035000
7700430766
8200255761
4040100270
8200346941
8200346941
7700829842
545016805R
8200026655
545016805R
8200298454
545040445R
7700794386
7700820029
7700820029
7700783453
8200197178
7700794386
7700425227
8200048904
8200389135
8200048904
8200048900
7700820029
7700820028
7700820028
8200389135
8200389135
8200026655
8200026655
8200026655
7700794387
545016805R
8200389135
8200389135
8200389135
545004269R
8200346942
8200346942
545004269R
8200346942
8200346942
545008682R
4040100280
7700425227
7700425227
545014055R
545019294R
545019294R
545008682R
545008682R
7700425227
545000001R
545010008R
545042021R
545042021R
401611363R
7700436302
545000138R
545041775R
545009246R
7700436303
7700425227
545042021R
545042021R
545011697R
8200346941
8200346941
7700820029
545014055R
8200395007
545000008R
8200395034
7700425227
8200389135
7700425227
7700436303
545008682R
7700313945