545008682R
545008682R
545014055R
545014055R
545014055R
8200298455
8200298455
8200298455
8200298455
8200298454
8200298454
8200298455
8200298454
3112112772
7700772692
8200216377
8200216377
8200255760
8200054006
8200054006
8200054003
8200054006
8200054003
8200054003
8200255760
7700425228
7700823098
7700823097
545008682R
7700425228
8200298455
7700425227
545608475R
7700425227
8200216376
8200942396
8200255761
8200216376
7700823098
8200026655
7700823098
7700823097
8200942392
545010009R
545010009R
8200197187
545608475R
545014055R
7700425228
8200216377
8200216376
7700823098
7700823098
7700425228
8200395034