7701463523
7700803929
7703090353
402020016R
402020016R
7701206848
440010110R
7701205972
7700841979
7701205778
432108237R
7700768319
7700803929
440015409R
7701205170
7701204868
7701205170
7700719140
7701205477
7701205477
7701205477
2146500012
7701205170
7701205972
8200153076
7700803929
432102069R
7701205170
8200046551
8200308650
7700803929
2146500012
7701205477
7701205596
402020016R
7700803929
7700803929
7701204868
7700803929
7701205170
402020016R
402107049R
402107049R
402020016R
402107049R
7700803929
7701205499
7701208058
402020016R
7701204868
7701207676
7701205972
7701204868
7701205170
7700803929
402020016R
7700803929
7700803929
7703090353
7701204868
7700803929
8200308650
7701204868
7701205499
7701205499
7700803929
7701205417
7700803929
7701205499
7700803929
7701207676
7700803929
7700803929
7701205170
7700803929
6001550915
7701205416
7701205972
7700768318
7700768319
7700768329
7700803929
7701205972
432100286R
7700841979
7701205778
7701207676
7701205812
402020016R
402020016R
402020016R
7701204868
7701204868
7701205416
7701207676
7700803929
7700803929
7701206661
7701206661
7700803929
7700803929
8200163689
402107049R
7701205780
7701463523
7703090253
7701205170
7700803929
7700803929
402020016R
402020016R
402020016R
7700803929
7700803929
7701461046
7700803929
7701205170
402101877R
7701205596
7701205170
440003960R
7700803929
402020016R