7701205170
7701462020
7701463231
7701205477
7701205170
7701205170
7701205499
7701205477
7701205499
402020016R
7701205972
7701204868
7701206742
7701205477
7701205499
7701205477
7701205170
7701462021
7701465647
7701205477
7701205779
7701205499
7701205499
7701208059
6001547686
7701204868
7701205778
8200326719
7701210004
6025370612
7700803929
7700820849
7700820849
7700803929
7700803929
7700803929
7700803929
7700803929
7700803929
7701210004
9004366014
7701205477
7700803929
7700803929
7700803929
4351400600
4351400100
7701204868
7701205499
402107049R
402107049R
402107049R
7701204868
7701205477
7701205499
402020016R
7701204868
7701205477
7701204868
7700803929
7701205170
7701204868
7701205477
6001548986
7700802229
7700830220
7701207676
7701210111
7701210111
402102084R
7701208058
7701205499
7701205499
7701205499
402020016R
402020016R
402102084R
402100005R
7701205499
7701205499
6001547685
7903090002
7700803929
7701205477
7700803929
7701204868
432102103R
402100005R
7701206742
8200046549
8200308649
402020016R
7701204868
7701205477
7701204868
7701205477
7700803929
7700803929
7701205170
7701205499
7701205499
402020016R
7701204868
7701205477
7701204868
7701205596
7701205499
402020016R