7701205477
7701205477
402020016R
7701205170
7701205477
6001547685
7701205972
7701205972
7701205477
7701205477
7701205417
7701205499
7701210004
7701208059
7701208058
402020016R
7700803929
7701207677
7701206740
7701205778
7701208059
7701208059
7701208058
7701467860
7701205780
7701208075
7700803929
4341301510
4341301510
7701205499
7701205499
402101877R
7701205170
6001543344
7701205778
7703090253
7701463523
6001543344
8660001871
7701206742
7701463523
7703090253
7701205499
7701206740
432108237R
8200489610
7701205780
7701467860
6001550814
7701210004
7701205417
7701207676
6001547696
7701204868
7701208059
7701208075
8200003026
8200267645
7701206740
6025370612
7701204868
7701205477
7701205499
7701205170
7701463523
7701205170
7701208058
7701208058
7701205778
7701208075