7701205472
7701208059
7701205170
7700704704
7700719140
6001547686
7700803929
7701205477
7701205477
7701205779
7701205170
6025370612
7700704704
7700719140
8200046549
7700704704
7700719140
7700704704
7700719140
6001547686
7703090222
7701462020
7701204693
7700820849
7701204689
402102977R
7701206661
7701205170
7701205170
7701205477
7701205472
7701205170
402107314R
7701208058
6025370612
7701205472
402107049R
7701208230
7701207677
6025370612
7701205170
7701205596
7701205472
7701205472
432100286R
7701210004
7701207823
7701208058
7701208058
6025370612
7701204690
7700803929
7700803929
7700803929
7701467860
7701205780
8200600646
7701210004
7701206661
7701205499
7701205499
9004366014
9004360014
7700768318
7700768319
8200208332
6001548986
7701463523
7703090313
7701205596
7701468409
7700768318
7700768319
7701465646
7701205972
7701470552
7700715149
7701204689
7700820849
7701208058
7701209504
7701207677
7701210004
6001543344
8193420035
5000388284
7701465646
5000388284
7701205170
7701205477
7701204868
7701208075
8200298116
402101877R
7701208075
7701205780
7701205170
7701208058
7701205780
6025370612
7701205170
7700803929
7701205499
7701205477
7701205499
7701463986
7701207676
7701465735
7701204868