7701205472
7700787641
7700787641
7701205170
7701205692
7701205972
7701208059
7701465647
402102481R
7701205472
7700787641
7701205472
7700787641
402109533R
6025170050
7701205472
7701205170
7700787641
6001547685
7700787641
7701207676
7701204690
7700787641
7700787641
7701204689
7701206740
7701464049
402107049R
8200770160
0147500002
0147500002
7701204690
7701204690
7701205472
7701204690
7700787641
7701207677
7701204690
7701204690
7701205596
7701466803
6025370612
7701204690
7701206771
7701205472
7701205170
7701205472
7700787641
7700787641
7701204690
8200208335
7701204690
7701204690
7701205596
6013501510
6013500068
7701208059
7701205472
7701205477
7701208058
6025370612
1689810327
7703090365
7700787641
7701208075
7701208059
7701208059
7701205472
6001547686
402107049R
7700704704
7700674765
7700719140
7701204690
7701204690
7701207676
7701204690
7701205472
7701205472
432105162R
7701204690
7701463940
7703090268
7701204690
7701208058
7701204690
7701206771
7701204690
7701205170
8200298117
7701208058
7701205812
7701463523
7701208059
432102103R
7701208075
7701210111
7701205472
7701205472
432105162R
7701204690
7701205472
432105162R
7701204690
7701204690
7701208058
7700787641
7701204690
7701205416
7701205472