410602889R
410606808R
0986494381
0986424217
0986494033
0986494656
0986494381
0986424217
0986424833
0986424217
0986494656
7701207767
440600002R
8671016711
0252906522
0252906522
0252906522
410607369R
440608746R
410600629R
0986494273
0986494334
0986494239
0986424217
0986494656
0986424217
0986494656
0986494441
0986494273
7701208422
0986424833
0986424833
0986494441
440603558R
0986424833
0986494273
0986494334
0986494273
0986494821
0986424616
7701207767
440600002R
8671016711
0986494821
410608638R
0986494821
0986494551
0986494551
410605055R
0986494551
0986494334
0986494381
0986494821
0986424616
0986494441
0986494656
0986494821
0986494441
0986494441
0986494273
0986494273
0252517218
410607369R
410605612R
410602581R
7701206044
7701207672
6025371662
6025372662
410607613R
7701206599
410603303R
6000620046
1304607250
1304602757
1304602756
1304707298
1304607248