7701205472
7700787641
7700787641
7700787641
7701204690
7701466803
7700787641
432100366R
8200639543
7701205170
6001547686
7701206848
7703090549
7701205972
7701205596
7701210004
7701204690
6025370612
7701207677
6001550915
8200688970
7701207677
7701206771
7701206742
7700787641
7701205778
6025370612
402101877R
7701465647
7701205472
7701205472
7701460642
7700768319
7700787641
6025371670
7701469682
7701205972
7701470552
7700787641
7701205972
7701470552
7701205596
7701464049
7701206740
7701204690
7701208059
7701208058
7701204867
7701205477
6025371670
6025371536
432102069R
8200639543
7701206661
7701208950
6025370612
7701463987
7703090203
7703090269
7700787641
7701464049
7701204693
7700787641
7701205472
7701206740
7701207676
7703090353
7700768319
7701205972
7701204690
7701465735
7701205778
7703090353
7701205472