402101877R
402109533R
7700787641
7700787641
7701204690
7700787641
7701460640
7701463986
7703090434
402102084R
5010439054
402102481R
7701205499
7701205499
7701205499
6147500012
6147500012
6147500012
7701206742
7701205170
7701206771
7700820849
7701204689
402107049R
7701206771
402107049R
7701205472
7701205780
7701466803
4051400200
4153340600
402102084R
6319810005
7701208058
7701209504
7701205170
6025170050
7701415121
402027463R
7701205170
1689810327
430009707R
432102069R
402107314R
8200893832
7701206771
7701206742
402107049R
402105733R
8200041082
6001550915
7701207677
7701205499
7701462020
7701205596
7701206849
7703090353
7701205778
7700719140
7701463523
402109697R