7701206740
7701207676
1606374680
402022933R
7701206740
7701206661
7701205170
7701205972
7701205417
402022933R
6001547685
6001547685
402107314R
7701205170
7701208059
7701206740
7701207677
402022933R
7701463986
7701205417
7701206742
8660001998
7701205416
7701205417
402109533R
7701206771
7701204694
308513781R
7701462469
7701207966
7701206771
7703090450
8200807882
7701206742
7701205416
402100005R
7701206740
308513781R
7701207676
7701207676
7701206742
7701206740
7701205972
7701469682
7701462021
7701466803
7701205416
7701205417
7701204690
7701205416
6001547686
7701205972
7701206771
7701466803
7701205780
7701205596
7701204867
7701204866
7701206771
7701465646
402109533R
402109533R
7701208059
7701205596
7701205972
7701470552
7701208059
7701207677
7701205972
7701470552
7701205499
6025370612
7701207676
7701210111
432102069R
432103106R
7701207676
308513781R
6001547685
7701204867
7701205477
6001547686
6324990079
3199810005
7701465646
6001547686
7700416374
8200153076
7701210004
4153340700
7701207677
7701206353
402107049R
7701204667
7701205170
7701204667
7701204667
7701204667
7701204667
7701205170
402022933R
7701204667
7701205170
7701204690
7701204667
7701205170
7701204690
7701204667
432109818R
432104899R
7701204667
7701204667
7701204667
7701204667
7701204667
7701204667
7701204667
7701204667
7701204667
7701204667
7701204667
7701206740
7701465647
7701463840
7700820849
7701208059
7701210004
7701210004
7701462021
7701463523
7701205596
7701210004