7701210111
430431823R
7701205170
402022933R
7701205972
7701462469
7703090268
432102103R
1409810305
7701205692
6001547686
7701205416
402108022R
7701210111
402107314R
7701204665
7701206771
432102069R
432102069R
7701205477
7701205477
402022933R
432102069R
432102103R
402100006R
7701206740
7701205499
7701207676
7701210111
7701206661
7701206742
6001547686
7701208427
402109697R
432104177R
7701205417
7701208075
7701206847
7701207676
7701205778
7701208429
7701462021
7701205972
402107314R
402100005R
402102771R
7701207676
7701210111
7701462020
7701463231
7700830794
7701205780
7701208950
7701209838
7701205417
7701205972
7701470552
7701205416
402109533R
7701205170
5401763936
402102084R
7701208429
7701206353
6025370612
7701205472
7701207677
7701460640
402107049R
7701204866
7701204867
7701205477
432105162R
402022933R
430426131R
7701206740
402109697R
7701205972
7701470552
7701204690
7701204690
402022933R
7701210111
432102069R
402109697R
7701206740
7701461730
7701205170
7701208059
7701462469
7701208058
402022933R
7701208230
7701207677
7701208058
9036340020
7701205596
7701208059
7701206740
432104177R