402022933R
7701462020
7703090458
7701205972
402107314R
7701206353
432067636R
7701205596
7701208075
7701206742
7701206849
8200416590
7701205477
7701206354
402020009R
7701206742
7701469682
7701469682
7701210111
402102084R
402100005R
7701205499
7701208075
7701205417
6025370612
432102069R
7701204867
7701204866
7701205499
7701469682
6025371670
7700803931
7700803924
7701204693
7701469682
6025371670
7701206740
402109697R
432100605R
7701205499
8200208332
4153340600
7701206661
4153340600
7701206661
432067636R
432104177R
7701206742
7701206771
6001548986
7701205170
7701466803
7701205596
7701207677
402107049R
7701206661
7701206740