8200106137
8200140544
7700417225
7700417228
7700410852
8200127288
7700311491
7700311492
6001547493
7700311491
7700311492
8200193020
7700436182
7700434175
8200276539
7700416117
8200071762
1142200900
8200844169
8200106137
8200361735
8200357085
8200276539
6025308628
8200271943
7700311494
8200127287
7700844978
8200106137
7700389337
7700434175
8200275459
8200297954
8200127287
7700417230
8200297954
8200275459
8200361735
8200106137
7700844978
7700311494
8200140544
7700800993
7700416117
7700410852
7700417230
7700389337
8200193020
8200076369
8200271943
7700311494
7700434156
8200304229
8200361734
8200304218
8200304229
8200361734
8200304218
8200297954
7700311491
7700416117
7700417228
8200245681
8200666438
8200844164
8200275459