440605713R
0986494197
440608235R
0986494197
0986424533
0986424616
0986494033
0986494500
0986494197
0986494197
0986494197
0986494381
440608061R
0252208718
0986494197
0986494197
0986424533
0986494441
0252208718
0986494334
7701206763
7701209100
410600032R
440604694R
410607369R
0252208718
0252208718
0252208718
410607115R
7701209101
6025370851
7701209100
410600012R
0986494498
0986494821
0986494821
0986494821
0986424533
0986494381
0986494033
0986494441
0986424533
0986494033
0986494821
0986424616
0986494441
0986494821
0986494441
7701206747
7701207615
410600379R
410607690R
0252208718
7701206763
410603407R
0986494239
410603847R
1304604856
1304602743