7700416118
7700416117
8200361734
8200666438
7700434156
7700418901
7700844978
7700418901
8200245681
7700434156
8200193020
7700417226
7700311494
7700418901
8200245681
7700434156
8200193020
7700417226
8200271942
550200062R
1142200900
550200062R
7700412403
8200304225
4342207100
540100027R
550200026R
8200361735
7700434165
7700416162
8200341248
543020503R
7700434165
550200003R
8200304218
550200026R
8200304225
8200275459
7700311491
8200106137
7700844978
7700771255
8200140544
6025308615
8200106137
7700822976
8200245681
7700311494
8200275459
8200304218
6025308615
7700771255
7700311491
8200140544
6001547971
8200127287
8200346349
7700418901
8200193022
8200127287
7700410852
8200140543
8200666438
7700844978
7700800993
7700311491
7700844978
8200193022
7700822976
540108309R
8200193024
7700421609
8200127288
8200245681
8200279733
8200276539
7700782275
8200193024
8200276539
7700432230
7700432232
7700844978
8200271941
540108309R
8200075721
8200041580
7700311490