540100006R
540100062R
540100006R
550200002R
8200040088
8200040087
540100072R
550200008R
550200058R
540100061R
540100030R
550200003R
550200003R
550200026R
8200309931
540100005R
540090001R
550200041R
550200061R
550200026R
540100002R
8200346349
8200271943
6025308628
8200708056
7700805924
6001549185
6001550900
8200304222
8200708056
6001547496
7700434175
8200708061
8200341247
8200140545
8200127288
6025308615
7700641118
8200140544
540103892R
540109251R
540100727R
540108071R
6001025756
550207735R
550209895R
550207544R
550204221R
6001549187
6001550900
550200060R
550204217R
6001548955
6001547493
8200245681
8200708056
6001549185
7700805924
8200708061
6001550900
550208774R
8200140544
8200266250
8200190868
550200061R
540100028R
540100002R
550200026R
540100008R
550200062R
540100023R
8200297925
8200297952
8200304229
7700311491
8200140543
550202497R
8200040080
6001548549
8200040091
540107253R
550205451R
8200127287
8200297954
550200023R
8200276539
8200357085
825020011R
8200440637
540100003R
550202644R
550200061R
540100006R
6001547971
8200257954
540101261R
6001547496
8200266355
6025308615
550200003R
6025308628
8200304225
7700412363
8200040089
540100023R
8200106134
8200271943
8200304218
8200140543
8200140543
8200140543
7700416116
550200061R
6025308615
8200297952
7700822976
8200014935
8200106139
8200297954
8200040079
6001547971
550200062R
8200257954
8200257954
8200140544
8200140545
8200140544
8200140545
8200127288
8200140545
8200127288
8200127287
8200127287
8200127287
8200140543
8200127287
8200127288
8200140543
8200127288
8200140545
8200666438
8200341248
8200706389
8200361734
7700417228
8200271943
7700416117
6025308615
8200249829
8200271943
8200681415
8200140544
8200140545
8200140544
8200140545
8200127288
8200140545
8200127288
8200127287
8200127287
8200127287
8200140543
8200127287
8200127288
8200140543
8200127288
7700417230
8200346349
8200143335
8200357085
8200249829
8200304218
6025308615
8200140545
7700844978
8200341248
8200482165
8200948652
8200361735
8200948652
8200297954
8200304225
7700435385
540101261R
540101261R
8200140545
8200140545
8200127288
8200127288
8200127288
8200140544
8200140545
8200127288
8200127287
8200140544
8200140545
8200140545
8200140543
8200127287
8200127288
8200140545
8200127288
8200140543
8200140545
8200140545
8200140545
8200127288
8200140544
8200127287
8200127287
8200140545
8200140544
8200140545
8200140545
8200127288
8200140544
8200140543
8200140543
8200127287
8200140544
8200127287
8200140545
8200127287
8200140545
8200140543
8200140544
8200140544
8200140545
8200140545
8200140545
8200127288
8200127287
8200140544
8200140545
8200140545
8200140543
8200127287
8200127288
8200140545
8200127288
8200140543
8200140545
8200140545
8200140545
8200127288
8200140544
8200127287
8200127287
8200140545
8200140544
8200140545
8200140545
8200127288
8200140544
8200140543
8200140543
7700434156
8200275459
7700417228
550200060R
550201418R
8200275458
8200681407
8200357085
8200304225
8200304229
7700311492
8200304218
550200060R
8200106137