7700827178
521535864r
7700827178
7700827178
521535864R
7700827178
7700827178
7700827178
7700827178
7700827178
7701209534
527005146R
521533910R
7701209534
555820001R
555110440R
8200880148
7701209534
8200597259
527000002R
555114672R
555826675R
555826675R
8200051813
8200427868
8200427869
8200597258
554006871R
555018584R
8200039866
4124090070
8200834849
8200500488
8200275524
8200475468
8200500488
8200048890
8200048904
8200048890
8200048904
7700301727
7700301726
7700301726
8200048884
7700301727
8200048884
8200048890
8200803449
8200048890
7700301727
7700301726
8200048884
7700301726
7700301727
7700301726
8200048884
7700301727
7700301727
7700301727
7700301726
7700301726
8200048890
544019413R
8200048900
5010305003
8200048900
8200880148
8200433799
8200048890
8200048890
8200361257
8200048884
8200048884
8200048890
8200048884
8200048890
8200048884
8200048883
8200048890
8200048890
8200048890
8200048883
8200500488
8200048883
8200048883
8200742904
8200048883
8200048890
622105747R
8200275525
8200048883
8200048883
8200048883
8200048883
8200051813
8200051812
8200051813
550454053R
7701209534
7701479190
7701464321
7701464321
7700762843
8200051812
8200038243
8200038243
8200038243
8200051813
8200051812
7700301720
7801466907
8200051813
8200051812
7701464321
7701209534
7701209534
555012262R
555017273R
555011720R
555011720R
430003723R
430001480R
554003665R
7701209534
6001548877
550450007R
544014742R
8200626965
7700301727
8200048884
7700301727
7700301726
8200048884
8200048883
8200597258
490011723R
544017519R
8200048890
8200048890
5600584277
8200500488
8200048883
7770147919
8200431050
8200739838
521530001R
521535864R
521530001R
430007702R
555015256R
544016605R
8200637077
7700301726
8200048884
7700301727
8200048884
7700301727
7700301726
544016247R
544016515R
625542599R
8200742904
620933842R
8200431050
8200048890
8200048883
8200048883
8200051812
7701479190
8200051813
8200038243
7700762843
7700762843
8200051813
8200051812
7700301720
8200380965
8200739838
544017519R