2413700702
0350301566
440601416R
2041000704
410601334R
0252198018
0252198018
0252198018
0252397317
0986494723
0252096117
0252096117
7701209117
0252398017
0252398017
0252397317
0252398017
0252398017
0252198018
0252413716
0252413716
0252413716
0252413716
0252413716
0252413716
0252398017
0252397317
0252413716
0252397317
0252397317
0252096117
0252096117
0252096117
0252096117
0252096117
0252096117
0252096117
0350598310
0986494597
4363601210
410600032R
440600866R
410601237R
4154210310
4363601710
0986424455
410608481R
0252198018
0986494090
1304602834
410600032R