440603321R
0986494612
0986494500
0986424636
0986494439
0986424531
0986424451
0986494401
0986494612
0986494031
0986494295
410603072R
0986424451
0986494612
0986424531
0986424531
0986424636
0986424451
0986494500
0986494612
0986494031
0986494817
0986494278
0986494278
410605055R
0986494500
0986494031
7485121748
0986494239
440605889R
0986424531
0986494612
0986494031
0986424636
0986494401
0986494295
0986424531
410277998R
0986424531
410277998R
0986494273
0986494334
0986424531
0986424531
0986424837
0986494273
0986494273
440603734R
410600629R
410607103R
0986494239
410607369R
7701050914
440605713R
410601408R
410602889R
7701050914
0986494295
7701210110
0986494730
0986494031
0986494551
410605649R
440603321R
0986494278
0986494499
0986494730
0986494278
0986494278
410608638R
0986424636
0986424636
0986494278
0986494730
0986494439
0986424451
0986494500
0986494439
0986494439
0986494278
0986494278
0986494278
0986494730
0986494730
410601237R
7701209100
410605055R
440608746R
7701207339
6025315867
6025370398
410606124R
1304707251
1304602742
1304605778
1304604857
1304604804
1304703988
410603072R
410608638R