620228580R
620221112R
620227557R
850228785R
850220035R
620225227R
8200441768
620226895R
7701367290
6001549254
620227557R
7700313259
8200748275
7701478128
7700312785
7701476554
7700313259
7701056417
620221844R
620224834R
620221844R
7701478196
7701478196
7701478129
7701056417
850109312R
7700420919
7701478128
7701056417
620224834R
7701472060
7701473628
7701478128
7701056417
7701473628
7701056417
7701697654
7701472060
7700420919
7701692547
6006000436
7701056417
7702295499
7700312785
620220826R
7701478128
8200748275
7700428466
7700834207
7701471764
8200832177
7701466821
7702295499
8200748275
7701367998
7701469722
620220826R
7701367998
7701209647
7701470895
7701469722
7701470895
7701367998
7701466498
7701209647
7701469722
6001549906
620227557R
7701471764
7701470895
7701471764
6001549254
6006000436
7701367290
7701209647
620228143R
7701470895
620228143R
850220055R
7701469722
620229482R
7420928941
7420928878