963020182R
7701053959
963020133R
963010146R
963027602R
963020619R
8200253494
7700826675
7700804101
7701061193
7700834189
7700841653
7700797004
7700834189
7700834181
7700826598
7700354636
7700413314
7700834190
7700415326
7701044383
7701061190
963018150R
963016264R
963028904R
7701065899
8200495708
963016877R
5010646159
963013731R
7701068839
963027602R
963016100R
7700841653
5000367467
7700435864
7700435864
7701061190
963027472R
6001549678
963015540R
7701068839
963019589R
6001549679
7701061190
7701067332
6001549677
963015207R
7701068838
7701068838
7700435863
7700435864
7700435863
7701061193
963013731R
7700834181
7700834181
8200163300
7701054687
7700834184
7700834190
8200163300
7700304830
7701367394
7701367759
7700415325
7700304831
7700415436
7700834190
7700431469
7700435864
8200042362
7700435864
7700435863
6001546990
7700834181
7700826675
7700304831
8200497485
7700354637
7700304831
7700354636
5402041121
7700413314
7700413314
7700435864
7701471855
7700354637
7700304831
8200163302
7700797005
7700826599
7700415330
7700415330
7701068835
8200163300
7701471858
963016877R
963010146R
7701367760
963010146R
963018796R
963017247R
963016264R
7700413314
963012946R
7700304830
7700304831
7701054753
7700304833
8200042364
628109962R
7701473248
963020133R
8200802081
7700431543
963019902R
963025296R
963025724R
963016738R
963016264R
7700785786
963028832R
963015540R
963029140R
7700304835