963021905R
963016348R
7701061191
963023520R
6001549680
963015233R
7700826675
963016348R
7701471859
963017247R
6001549681
7700352188
963016100R
7700834989
963016100R
963016348R
963016264R
963027602R
963020753R
963022894R
7700841656
7701061191
7701065899
7701061190
7701061192
7701068376
7701067340
7701070380
7701054752
7701055996
7700841655
7701068373
7700834183
7700834189
7701054685
7701474454
7701061193
8200253492
7700415436
7700834190
7700435863
7700415329
7700304835
7700435863
7701068839
7701054753
7701055997
8200253494
7701061191
7701061190
963010208R
7700413314
7700834184
7701054686
8200246786
7700415330
8200253492
963018898R
7701068839
7701068835
963018865R
7701068836
7701348990
7701054752
7701055996
7701054753
7701055997
7700834184
7700413314
7700413314
7700413314
963010191R
963013924R
7700354638
7700354639
7700834181
963013924R
7700834181
7701054753
7700354639
8200495704
963010152R
963021356R
963021356R
8200042362
6001549678
6001549676
6001549677
7701068835
8200042364
6001549679
7701068835
963010146R
963018983R