8200282295
846300003R
8200257615
7700413508
8200947699
8200076256
905037151R
905032078R
7701472508
7701472508
7701472508
7700431773
7700431773
7701472508
7700431773
7700431773
7700431773
7701472508
7701472508
8200385515
8200076256
8200447266
7700413508
8200747429
905031335R
8200078950
8200947699
905037151R
905037151R
8200076256
7700435694
8200385515
8200000894
8200947699
8200229957
7700308997
905037151R
8200947699
8200947699
7700435694
7700435694
8200076240
8200947699
8200000894
7700435694
7700435694
905037151R
846300003R
8200947699
1633561880
846304010R
8200000897
1633561880
905037151R
8200947699
8200000897
905129052R
8200060917
8200060917
8200060917
8200947699
7700791731
7700791731
7700791731
7700413508
8200060917
7701469857
7701469857
8200060917
905037151R
8200947699
905037151R
8200385515
7700413508
846300003R
846307169R
777640623R
8200947699
7700435694
7701472507
8200060917
846307169R
905033138R