7701205842
7701206339
7701205842
0986478270
7700627732
7700627732
7701207795
7700627732
7701205228
7700716947
7701204285
0986478758
0986478276
7700756572
7700756572
7700704705
7700756572
4363101900
0986478758
7701205846
7701207227
7700756572
8200421191
7701210081
7701207795
6001547683
6001547683
7701207795
7701205842
7701205842
7701206339
6001547683
7700302128
7700302128
7701207795
7701206339
7701207795
7000780892
7700756572
7701207227
7700756572
7700627732
7701205842
402060010R
7000780892
0986478276
7701207795
0986478758
0986478557
0986478757
7701205842
7701207823
7701207227
7701207227
7701205842
7701205842