7701205842
7701205230
7701207795
7701204901
432067943R
7701204901
7700716947
7700716947
7700780078
402060010R
4363200800
0986478113
0986478305
6001547683
7701207823
7701205842
0986478276
7701206339
7701207795
7701210081
7700314107
0986478113
7701204296
7701207823
7701207795
7700800004
7701207823
7701207795
7701207795
0986478276
7700756572
7701207823
402062212R
7701209839
7701207227
7700802233
7701205228
7701207227
7701207227
7701467306
7701467306
7700302128
6001547683
7700756572
7700716947
7700716947
7701204285
402060002R
402060010R
7701207897
0986478758
7700302128
7700302128
0986478113
8200007121
0986478305
402060010R
2401200125
2401110144
2401120171
0986479777