0124325024
0124415014
8200064344
0986045221
7700105333
0124415014
8200060816
8200667610
8200588648
231008386R
0124525139
8200588648
8200692868
8200323126
8200290215
8200660050
8200660034
7700105333
7700437090
8200667614
8200410681
231007865R
7700426849
8200654541
0124425071
231003730R
7700427476
0986045221
7700426849
8200122976
0124415014
7700861496
231003730R
8200660037
8200065730
8200162474
8200054588
0124425093
8200086162
8200107686
231008593R
0124415014
8200229907
8200064344
8200162474
8200667619
8200100907
8200660037
0124525076
8200290217
8200588648
7700426849
8200162474
7700870279
7711134316
8200086130
8200290220
231000011R
0124425037
231008593R
0124525076
7700434899
7700434899
7700436626
231000027R
231000011R
8200660033
8200065730
8200190721
7700430579
0986042191
8200660025
0986042101
8200404459
8200747041
0460404081
8200654541
8200122976
8200360480
8200410681
8200290220
8200103726
7700764382
8200112065
8200660033
7711368380
0124425071
9443903995
8200229907
8200747041
7700422237
231000026R
8200660045
8200251006
8200654785
8200660020
0124425093
8200290215
0986041411
8200100907
231006007R
8200122976
8200206251
8200323126
8200290215
7711134722
8200251006
231003730R
8200207287
8200323126
8200103744
0124425071
8200654541
7700430182
0124425034
0986042101
8200519296
231004719R
8200410671
7711134316
8200153710
8200537415
8200162474
0124325139
231005424R
8200588648
231000011R
8200100907
8200373636
8200660034
8200692868
8200747041
0124425070
8200100907
8200393718
231008918R
0124525047
0124525076
8200373636
8200323126
0986040161
7711134316
8200495294
0124425071
0124525076
8200112065
0124425071
8200660033
0124525137
7711134313
8200100907
0986042211
8200846074
8200660033
8200757870
8200667614
8200086161
231006677R
8200323126
8200022774
8200290215
231000027R
8200100907
8200692868
9806007480
8200410681
6025105563
8200654785
0124425071
8200667614
8200654541
231001318R
7711134329
8200060816
7711134722
8200030635
8200054588
9443909015
7700857073
0124415013
8200100907
8200120286
8200772726
8200060488
8200692869
8200054588
8200153710
8200120286
231007033R
8200495294
7711497266
8200429898
231007842R
8200190721
7700437090
7700434900
7700434900
231007865R
8200667614
8200060488
8200206251
8200474219
8200667619
7711134754
231007865R
231007842R
0124525151
8200386806
8200100907
7700870279
7700431945
231000011R
0124415014
231008578R
8200667619
8200325823
231007865R
8200660034
231005079R
0986049810
0124525151
8200107686
231000027R
8200667619
7711134316
231000026R
0124425093
0124425029
0124320002
8200386806
0124425071
8200660033
0124425071
8200290215
0124425093
231009412R
8200229907
8200660041
8200034588
8200667614
7700430182
7700430182
231002949R
8200772726
8200107686
8973614210
8200667611
7700426849
8200064344
7700417308
7700431945
8200323126
231000026R
8200120286
8200107686
7700421477
8200100907
7700811462
8200100907
0124325139
231008578R
8200660034
0124425037
8200390675
8200120286
231008578R
8200190721
7700866507
8200660037
0124325186
8200525891
8200390675
9632489280
7700427476
8200086130
8200113636
8200660044
0124325186
8200100907
8200325823
0124525140
8973614210
7700432331
8200100907
0124425037
0124325031
0124425070
231000027R
0124415014
231000027R
8200410681
8200692868
8200654541
8200162474
231006007R
8200660034
8200162474
8200100907
231008593R
231008578R
231008578R
7700864288
8200667614
8200660045
7700857075
231009933R
231003784R
8200654541
0986034990
7701352354
8200025488
231009412R
8200660033
8200660025
8200537415
8200373636
231006007R
231007707R
8973614210
8200103744
8200107686
8200525891
7730424594
8200654541
8200660037
0124425034
0124425038
8200390675
0120468154
7700424583
0124525082
8200390667
0124515117
0986042770
0120468154
231007865R
7700820794
231008246R
7711368381
7700857377
8200086130
7700434583
7700585707
0124425069
8200660043
8200390676
8200747041
8200772726
0124425037
0120468140
8200030635
8200390667
0986043091
8200410681
8200537415
8200120286
8200030635
231007865R
7700429310
7700871496
7700106501
7700424582
7700431945
0124415007
7700416958
110603330R
8200525891
8200772726
231000011R
8200846074
8200120286
8200290215
8200122976
8200660034
7711134329
7700110616
8200162474
8200206251
8200667619
8200103744
8200064344
8973089961
8200065730
7700110616
8973614210
8200229907
8200654541
8200064344
0124525082
7700110616
8200030635
8200654541
231000026R
8200495305
8200373636
8200654541
7700431945
0124525028
8200100907
5001847422
8200373636
5010480765
8200251006
0124425071
8200107686
8200122976
7700422237
231008918R
8200120286
0120468154
8200251006
8200772726
8200086130
7700434899
8200103744
0986042191
7700110616
8200495305
8973614210
8200654541
8200360480
231000026R
8200667608
8200410681
9443909015
8200700907
0281011276
8200495294
8200660033
7700106501
7700106501
0986041850
0124415007
7711134722
231008578R
7700869600
8200323137
8200030635
8200054588
7711497156
8200086161
8200410671
7700110616
0124415007
7700870279
8200654541
8200290215
8200667608
7700430182
7700421477
0124415014
0124415013
8200810621
8200660025
231008918R
0124320002
0124525137
0124415014
231008918r
8200390667
8200113636
8200113636
7700110616
6401500160
6681550215
7701477508
7700110616
9433569810
0986040161
7700424584
231000091R
8200064685
0124525082
8200060488
7700106501
6681550215
6401500160
8200757870
8200122976
8200060816
8200054588
6401500160
8200113636
8200113636
7700110616
6681550215
7701477508
7700110616
6401500160
7701477508
6681550215
7701477508
6401500160
7701477508
6401500160
8200113636
7701477508
6681550215
0124415013
7700424594
8200654541
8200660034
8200325823
7700827344
8200390676
7700427476
8200660050
8200100907
8200660044
8200086162
0124425074
8200726639
2301651202
7700106501
8200390676
8200113636
8200113636
7701477508
8200660034
0124525139
8200206251
0124225056
7700110616
8200113636
8200113636
8200495305
8200107686
7700110616
8200113636
6681550215
8200113636
8200113636
7700110616
8200113636
7700110616
0124525133
8200495305
7700857073
231009933R
7700433069
7711368834
8200162474
8200290220
0124525076
8200410674
0124525076
7700433306
231003730R
8200206251
0124425069
231000026R
8200290217
0124525133
8200162474
0124325031
8200654541
0124415014
8200654541
8200660034
8200588648
8200162474
231001318R
0124525137
8200404459
8200290220
8200654541
8200290220
0124415014
0124415014
0124415014
0124415007
0124415007
0124325031
8200960533
8200495304
8200229907
7700105333
0124415007
8200654541
8200162474
0124325031
0124425071
8200660033
231003624r
8200660025
8973089961
8200323126
0124425029
8200468131
8200022774
8200086161
7700436671
0124415007
231000024R
8200385098
0124415007
0124415014
0124415014
0124415007
0124415007
0124415014
0124415014
0124415014
0124415007
0124415007
0124415007
0124415014
0124415014
0124415007
0124415014
0124415014
0124415007
0124415007
0124415014
0124415014
0124415014
0124415014
0124415014
0124415014
0124415007
0124415007
0124415007
0124415007
0124415014
0124415007
0124415007
0124415007
0124415014
0124415014
0124415014
0124415014
0124415007
0124415014
8200667610
8200772726
8200660052
231005424R
0124525047
0124415007
8200162474
8200757870
7700427476
7700430182
7711368834
8200772726
0124525028
8200373986
8200112065
8200495294
8200410671
8200100272
8200410671
7700426849
231001107R
8200660033
7700105333
8200495294
0123310017
231003730R
8200667619
8200726639
231007865R
231009412R
8200660045
8200519296
0124525139
8200022774
8200772726
7700847513
8200660033
8200360480
231000026R
8200667619
231000027R
8200290215
231004719R
8200386806
8200120286
8200175210
8200468131
7700434899
231002854R
8200667610
8200523616
8200162474
8200065730
231001318R
0124225056
8200290217
8200654541
8200290217
7711368719
8200495294
8200660037
0124415014
7700430182
8200290215
8200728292
8200120286
8200162474
7711497268
0124415014
7700437090
8200290215
8200667614
8200373636
8200410671
231000027R
7700434899
231007033R
8200373636
8200064685
231002854R
231001318R
231001318R
231008918R
7700857073
8200373636
7700429042
231007865R
8200537415
231006007R
8200667611
8200153710
8200660034
8200654785
0124325031
8200660041
9634475880
231008386R
231008593R
231009933R
8200654541
8200654785
231000026R
8200373636
231007033R
8200667611
231006007R
8200660033
0124415013
8200538407
8200660037
8200660033
8200373636
7711497266
8200390675
8200054588
231000011R
0124425071
231000011R
8200537415
0124525139
8200107686
8200060488
8200103744
8200654541
8200206251
8200120286
231005079R
8200660033
7701499253
8200086161
0124225018
7711497156
0111545602
8200385098
8200660034
8200323137
8200757870
8200290217
0124425071
231000027R
8200086161
231008578R
8200537415
231007865R
8200386806
0124325186
8200660037
8200667614
8200410681
0124425038
8200667614
0224415007
8200411160
8200120286
231000026R
8200323137
7700862865
8200726639
8200660033
0124525139
231005079R
231008918R
8200054588
8200660033
7711497138
0124325185
8200290217
0124325031
0124325031
0124325031
0124325031
8200390675
8200054588
8200290215
0124415014
0124415014
0123310017
0124415014
0124415007
0124415007
0124415014
0124415014
0123310017
0124415007
0124415014
8200100907
7700424595
8200390676
231000018R
8200660033
7700434900
8200386806
7700434900
0124415014
7700434900
8200654541
8200495294
231000009R
0124325031
7700870279
8200054588
7700861496
8200290220
0124415007
0124415007
8200290217
0124415014
8200054588
231008040R
8200495294
8200373636
0124325031
0124325031
0124325031
8200537415
7711134722
231008918R
8200537415
0124325031
0124325031
8200054588
8200385098
8200212028
231000011R
7700429042
8200495304
231001107R
7711134728
8200667611
8200660033
0124415007
0124325031
0124325031
0124325031
0124325031
0124415014
0124415014
0124415014
0124325031
0124325031
0124325031
0124325031
0124325031
0124325031
0124415014
7700431945
0124415014
0124325031
0124415014
0124415014
0124415014
7700110616
0124225068
9642879680
8200660033
231008918R
8200120571
0124325031
0124325031
8200122976
8200107686
0124425038
0986042770
8200654541
231007033R
7700430182
231000026R
231007865R
231000026R
0124425029
8200849752
8200660037
8200322137
0124525047
0124525008
8200325823
8200728292
8200519296
231006007R
8200054588
8200410671
6401500160
8200113636
7700110616
6681550215
7701477508
7701477508
9634475880
7701352209
7700110616
7700869600
7700106501
8200390675
8200290215
7700424583
8200064344
0124325031
0124325031
8200725683
7700377091
0124325031
8200064685
231005079R
8200113636
0124525140
231006007R
8200667603
231006007R
8200495294
8200323126
0124525137
231006007R
8200495305
0124525076
8200251006
231001318R
8200390675
0124525035
8200290215
8200718724
231000018R
8200654785
8200162474
0124425071
8200410671
8200660034
8200064685
231008593R
231000026R
0124525044
8200206251
8200385098
8200410681
8200060816
8200410671
7700861496
8200588648
7711368534
8200290217
8200404300
5001849989
231001318R
8200290217
231003730R
231008593R
231008593R
231000024R
231000027R
8200654541
231000803R
8200429898
7700434900
0124415014
0124325046
0121542202
231008040R
231006007R
8200429898
0124425034
0124525133
8200206251
0124525137
7700432331
8200153710
0124415007
231005079R
8200162474
231000026R
8200660025
0986043091
7700869600
231006007R
231000024R
231005424R
7700424582
231008578R
231001318R
7700857075
8200086162
8200410674
8200086161
8200667619
231004502R
231007033R
8200667614
8200660044
8200054588
231004527R
8200846074
231006007R
8200660033
0124425071
7711134316
231005424r
231001107R
8200519296
8200162474
7700431945
7711134316
8200175210
8200290215
0120468154
231004527R
8200390676
231007865R
8200386806
8200424583
8200410671
0124325031
0124525082
231005424R
231005079R
8200654541
7700870279
7700866507
231007865R
231000027r
0986080270
7700436626
7700866507
7700422237
231000024R
8200772726
231001318R
231007707R
231007865R
7700427476
0124525028
231000024R
8200323137
8200162474
8200229907
8200022774
231001318R
231000027R
231007865R
231002949R
8200100907
8200175210
8200103744
7700437090
0124525028
8200100907
231000026R
8200757870
231000091R
8200660037
8200386806
0124325139
8200849752
231000026R
8200667617
7711497266
5010306538
0986080140
8200588648
8200667617
8200525891
231005079R
231008593R
8200120286
231000803R
8200660033
8200757870
231006007R
8200654541
8200725683
231007842R
231007865R
231008593R
8200728292
7700434899
8200660033
0124425070
231000803R
231007033r
8200323137
7700857073
231007865R
8200495294
0124425070
8200065730
8200030635
8200468131
231000027r
0124425037
8200030635
231007865R
8200386806
321000003R
8200030635
0986038841
231000803R
231000027r
0124425037
0124525028
231005424R
8200660025
8200107686
8200251006
0124525076
8200385098
231007865R
8200112065
8200537415
8200468131
1204185012
8200290217
0124525140
231008593R
8200386806
231000027R
8200846074
8200290215
8200054588
231000026R
8200373636
8200373636
0124525028
7700871033
8200162474
7700424583
8200086161
8200373636
7700424594
231004864R
7700426849
0120468154
8200543541
8200468131
8200728292
8200728292
231001318R
7700424584
0124525028
231008386R
231002949R
231008386R
8200175210
7700421477
8200373636
231005079R
0124325031
231002949R
231002949R
0124525137
8200667611
231000803R
9618946480
7700434900
0124415014
9630080280
231004527R
231004527R
8200386806
231000803R
8200054588
8200206251
7700434899
8200120286
7700857073
8200390676
231008246R
231007033R
8200390675
231002949R
231005079R
231003101R
231000026R
8200667614
8200660034
8200660034
8200103744
0124525137
8200660022
231000026R
231008918R
231008918R
231005079R
231007033R
7700110616
8200660034
8200390676
7700424595
8200323137
231008918R
8200122976
7701352354
8200262462
7700430182
231005424R
8200086161
8200772726
8200772726
231007842R
231008918R
8200660033
0986041850
8200660033
8200660043
8200323137
7700436627
231006007R
231007842R
8200660034
0124415014
8200120286
7700421477
8200030635
8200113636
8200113636
6681550215
7701477508
231003831R
8200495305
8200060488
0123315020
8200849752
231007033R
231007842R
8200468131
117102273R
8200667610
231001318R
7700434900
8200757870
231007842R
231007865R
7760837073
231005424R
7700110616
6401500160
8200660033
8200290215
8200660037
8200290215
231009412R
8200290205
8200757870
8200290215
231002854R
8200660025
231005300R
8200065730
9634475880
0124425071
7700434899
7700424582
8200103744