231009096R
8200960536
231001822R
231006729R
8200138269
231009096R
231008137R
231001822R
8200290220
8200960533
231009096R
8200363528
8200100907
0986041441
2706042030
8200960533
231009933R
231001822R
231006677R
231008685R
231008685R
231006677R
0124525076
8200299173
7701499597
7711135333
8200538408
8200086162
7700852395
7701499443
7700791211
7700499251
7700764382
7700859724
7700820794
7701352209
231008040R
0124525076
231006677R
7711135812
8200290220
8200404464
8200022774
231009933R
0120468140
0120468154
0120468162
8200290220
9433088910
7711135812
7711135812
7711135812
231008040R
231006677R
231008040R
7711135812
7711135812
7711135812
7711135812
231008040R
7711135812
0124325031
231007865R
8200251006
0124525076
8200299173
231008040R
7711135333
231003000R
8200404464
231002854R
0124425018
0124525101
231009933R
231008246R
8201717846
231009933R
231009933R
231008918R
7700430181
0124415014
8200138269
8200390667
0124525140
231001318R
7711134926
231007865R
0124415041
231001318R
8200138269
231000026R
231009933R
0124320002
0637318270
7700105333
8200392926
231002949R
8200138269
0986041441
0986041441
7711134926
7700870818
7700872258
7711134795
7701352301
231006007R
0986080800
7700107124
7700424596
7700430181
7700300407
7700820449
7701352045
7700377092
7700436626
7700104209
7700424582
7707784890
7700784891
7701499436
7700104210
7700424573
7700424597
0124425034
9433211700
7700754835
7701499440
7700754850
7700784979
7701351759
7700805159
7701499596
7700820449
7700852395
8200138269
7711135332
8200290215
7711368602
231001107R
0101549002
231008344R
8200290220
8200356669
7711134316
8200162474
7711135519
0445010170
231004719R
2301491102
2301631102
7700784890
7701351757
7711134795
7700872258
7700820794
7700859724
7711134795
7700872258
7700820794
7700859724
7711134926
8200290220
231009933R
231006729R
231004028R
231008137R
231001822R
0124425037
0124415013
0124415013
0124525028
0124425037
0124425037
0124425037
0124425037
0124425037
0124425037
0124425037
0124425037
5001847422
5001847422
5001847422
5001847422
0124525044
0124525049
0124525049
0124525049
0124525049
0986037221
5001847422
0124525044
0124525049
0124525049
0124525049
0124525049
0124425037
0124525049
5001847422
0124525049
0124525028
0124525028
0124415013
0124415013
0124415013
0124655008
0124655008
0124525076
0124425037
0124425037
5001847422
0124525049
0124525049
0124525028
0124415013
0124415013
0124415013
0124415013
0124425034
0124425034
0124425034
0124425039
0124525076
0124655008
0124425037
0124425037
0124425037
0124425037
0124425037
0124425037
0124425037
0124425037
0124525044
0124425037
0124525044
0124525044
0124525028
0124525049
0124525049
0124525028
0124525028
0124415013
0124415013
0124525028
0124525028
0124525028
0124525028
0124525081
0124525081
0124415013
0124525044
0124525044
0124415013
0124415013
0124425034
0124425037
0124425037
0124425037
0124425034
0124425037
0124425037
0124425037
0124425037
0124425037
0124415013
0124525028
0124525028
0124525028
0124525028
0124425037
0124525028
0124525028
0124525044
0124525044
0124525044
0124415013
0124415013
0124525049
0124525044
0124525044
0986037221
0986037221
0986037221
0986037221
0986037221
0986037221
0124655008
0124655008
0124655008
0124655008
0124655008
0124655008
0124655008
0986037221
0986037221
0124425034
0124425034
0124525044
0124525044
0124525028
0124525049
0124525049
0124525028
0124525028
0124415013
0124415013
0124525028
0124525028
0124525028
0124525028
0124525081
0124525081
0124415013
0124525044
0124525044
0124415013
0124415013
0124425034
0124425037
0124425037
0124425037
0124425034
0124425037
0124425037
0124425037
0124425037
0124425037
0124415013
0124525028
0124525028
0124525028
0124525028
0124425037
0124525028
0124415013
0124525028
0124425037
0124425037
0124525028
0124415013
0124415013
0124415013
0124525049
0124525049
5001847422
0986037221
0986037221
0986037221
0986037221
0986037221
0124655008
0124655008
0124655008
0124655008
0124655008
0986037221
0986037221
0124425034
0124425034
0124525081
0124425034
0124425034
0124425034
0124325102
0124425034
0124425034
0124425037
0124425037
0124425037
0124425037
0124525028
0124525028
0124425034
0124425034
0124425034
0124425034
0124425037
0124425037
0124425037
0124425037
0124425037
0124415013
0124415013
0124425034
0124425034
0124425034
0124425037
0124425037
0124425037
0124425037
0124425034
0124425037
0124425037
0124425037
0124425039
0124415013
0124415013
0124525028
0124415013
0124425034
0124425034
0124425034
0124425034
0124425037
0124425034
0124525028
0124425037
0124525028
0124525028
0124525081
0124415013
0124525081
0124415013
0124425034
0124425034
0124425034
0124525076
0124415013
0124415013
0124525044
0124525049
0124525049
0124525049
0124320002
0124425034
0124425034
0124425037
0124425037
0124425037
0124425037
0124415013
0124425037
0124425037
0124425037
0124425037
0124525028
0124525028
0124425034
0124425034
0124425034
0124425034
0124425037
0124425037
0124425037
0124425037
0124425037
0124415013
0124415013
0124425034
0124425034
0124425034
0124425037
0124425037
0124425037
0124425037
0124425034
0124425037
0124425037
0124425037
0124425039
0124415013
0124415013
0124525028
0124415013
0124425034
0124425034
0124425034
0124425034
0124425037
0124425034
0124525028
0124425037
0124525028
0124525028
0124525081
0124415013
0124525081
0124415013
0124425034
0124425034
0124425034
0124525076
0124415013
0124415013
0124525044
0124525049
0124525049
0124525049
0124525049
0124525049
0124525049
0124320002
0986037221
0124425034
0124425034
0124425034
0124425034
0124655008
0124655008
0124655008
0124425039
0124425037
0124425037
0124425037
0986037221
0124525081
0124425034
0124425037
0124425037
0124425037
0124425037
0124425037
0124425037
231008040R
231009933R
0986037221
0124655008
0124655008
0124525049
0124525028
0124425037
0124525044
0124325052
0124525028
0124525028
0124525028
0124325052
0124325052
0124325052
0124325052
0123310017
0123310017
0123310017
7701499544
0124425037
0124425037
0124425037
0124525044
0124525044
0124525044
231009933R
8200660057
231004742R
0124655008
231008137R
0124525028
0124325102
0124525076
7701352125
8200138269
0124325031
0124325031
0124415013
8200290220
231003624R
0124525044
0124525044
0124425039
0124525044
0124525044
0124320002
0124425039
0124525044
0124525044
0124525081
0124525081
0123505014
0124525044
0124425039
0124425039
0124425034
0124425034
0124425034
0986037221
0124425034
0124425034
0124425034
0124425034
0124655008
0124655008
0124655008
0986037221
5001847422
0124425037
0124425037
0986037221
0124525081
0124425034
0124425034
0124425039
0124425037
5001847422
0124425039
0124425039
0124425039
0124425039
0124325102
0124425034
0124425034
0124425034
0124525044
0124425039
0124425039
0124425039
0124425039
0124325102
0124425039
0124425034
0124425034
0124415013
0124525044
0124525028
0124655008
0124525044
0124525044
0124325102
0124325102
0124425039
0124655008
0124655008
8200404459
0124525044
5001847422
0124525044
7711497093
5001847422
5001847422
0124525044
0124525044
0124525044
0124525044
231006677R
0124655008
0124415013
0124425039
0124525028
0124415013
0124325102
0124655008
0124655008
0124655008
0124525044
0124525081
0124525076
0124525076
0124525076
0124525044
0124655008
0124655008
0124655008
0124655008
0124655008
0124655008
0124655008
0124655008
0124655008
0124655008
0124655008
0124655008
0124655008
0986037221
0124525044
0986037221
0124655008
0124655008
0124425034
0124425034
0124425034
0124655008
0124425039
0124425037
0124525028
0124425034
0124425034
0124425034
0124425034
0124525028
0124415013
0124415013
0124425034
0124425034
0124425034
0124425034
0124425034
0124425034
0124425034
0124425034
0124425034
0124425034
0124425034
0124655008
0124425039
0124425037
0124525028
0124425034
0124425034
0124425034
0124425034
0124525028
0124415013
0124415013
0124425034
0124425034
0124425034
0124425034
0124425034
0124425034
0124425034
0124425034
0124425034
0124425037
0124425034
0124425034
0124425034
0124425039
0124425039
0124415013
0124320002
0124320002
5001847422
0124525076
0124525076
231004719R
0124525076
0124525076
0124325031
0986037221
0124325052
0123310017
0124320002
0124320002
0120468140
0120468140
0120468140
0120468140
0120468140
0120468140
0120468140
0120468140
0120468140
0120468140
0120468140
0120468140
0120468140
0120468140
0120468140
0120468140
0120468140
0120468140
0120468140
0120468140
0120468140
0120468140
0120468140
0120468140
0120468140
0120468140
0120468140
0120468140
0120468140
0120468140
0120468140
0120468140
0120468140
0120468140
0124325102
0124325102
0120468140
0120468140
0120468140
0120468140
0120468140
0120468140
0120468140
0120468140
0120468140
0120468140
0120468140
0120468140
0120468140
0120468140
0120468140
0120468140
0120468140
0120468140
0120468140
0120468140
0120468140
0120468140
0120468140
0124325102
0124325102
0120468140
0120468140
0120468140
0120468140
0120468140
0120468140
0120468140
0120468140
0120468140
0120468140
0120468140
0120468140
0120468140
0120468140
0124325102
0124325102
0120468140
0120468140
0120468140
0120468140
0120468140
0120468140
0120468140
0120468140
0120468140
0120468140
0120468140
0120468140
0120468140
0120468140
0986037221
0124525082
0124525082
0124525082
0124325102
0124325102
0124325102
0124325102
0124325102
0124325102
0124525082
0124525082
0120468140
0124325102
0120468140
0120468140
0120468140
0120468140
0120468140
0120468140
0120468140
0120468140
0120468140
0120468140
0120468140
0120468140
0120468140
0120468140
0120468140
0120468140
0120468140
0120468140
0120468140
0120468140
0120468140
0124325102
0124325102
0124325102
0124325102
0124525082
0124525082
0124525082
0120468140
0124325102
0120468140
0120468140
0120468140
0120468140
0120468140
0120468140
0120468140
0120468140
0120468140
0120468140
0120468140
0120468140
0120468140
0120468140
0120468140
0120468140
0120468140
0120468140
0120468140
0120468140
0120468140
0120468140
0120468140
0120468140
0124325102
0124325102
0124325102
0124325102
0124325102
0124325102
0124325102
0124325102
0124325102
0124325102
0124325102
0124325102
0124325102
0124325102
0124325102
0124525082
0120468140
0120468140
0120468140
0120468140
0120468140
0120468140
0124325102
0124325102
0124325102
0124325102
0124325102
0124325102
0124325102
0124325102
0124325102
0124325102
0124325102
0124325102
0124325102
0124325102
0124325102
0124325102
0124525082
0124525082
0124325102
0124325102
0124325102
0124325102
0124325102
0124325102
0124325102
0124325102
231000788R
0120468140
0120468140
0120468140
0120468140
0120468140
0120468140
0120468140
0120468140
0124325102
0124325102
0120468140
0120468140
0120468140
0120468140
0120468140
0120468140
0120468140
0120468140
231004742R
0124325102
0120468140
0120468140
0120468140
231001167R
231008137R
8200854119
231001822R
231004470R
8200960533
231009933R
231008040R
8200404464
8200404464
5010480572
8200140446
8200323137
8200229907
8200299173
231003730r
8200299173
231006729R
8200086161
231008137R
231002513R
8200138269
231001847R
231005300R
231003784R
0120468154
0986042770
231008040R
231004719R
231004719R
8200960536
231008246R
231003831R
8200404464
8200654785
231005300R
231008246R
8200404464
7420853850
231009412R
8200660033
7420842445
0120468154