0986046280
7711135812
0986046280
7711135812
0124525533
0986080870
231003831R
6001548553
8200537415
6001548061
7701477712
7700434899
7700427932
8200692863
7700424575
231009096R
231008040R
231002513R
0986080870
0124525533
7711135812
8200654541
7711497091
0637316270
7711135332
8200495294
8200667618
8200410669
8200588648
8200667619
8200386806
0633105090
231008246R
0124525101
8200228289
8200228289
0637316620
231002513R
8200207287
8200228289
8200229907
7711497533
0637318270
0637318270
8200054588
8200107686
7700431941
7700430182
7700106501
7700422143
8200121413
8200327183
8200660029
8200054588
8200107686
8200404459
7701352208
7701035684
7701352207
7700749226
8200660043
8200429905
8200518409
7701476807
7701352125
7700784890
7701499436
7702150654
0637318270
7700101274
8200030635
8200692865
8200404459
8200660044
8200323137
8200660025
7701475896
8200360480
8200660033
8200323126
8200667607
7711134758
8200112065
8200410681
8200667614
8200772726
231002513R
7700104209
7700424582
7700424595
7700803325
7701352047
9642879980
8200429905
231008593R
9646477580
6001548061
7700101274
7711134280
7711135519
7711135545
8200660020
7700803325
7701352047
7700105333
7701499959
7701476807
7711134267
7700105539
7700436671
7711368356
7700105333
7701499959
8200083460
7700422237
7711135519
7711135545
8200660020
8200083460
7700422237
6001548061
7700101274
7711134280
9646477580
7711134267
7700105539
7700436671
7700104209
7700424582
7700424595
0124525047
0124655173
0124655173
5001847422
5001847422
0124655173
5001847422
0124415013
0124425034
0124425034
0124525028
0124655173
7700861496
0124425034
0124425034
5001847422
0124655173
0124525081
0124425039
0124525047
0124525028
0124425034
0124425034
0124425037
0124525028
0124525081
0124425034
0124425034
0124425037
0124425037
0123310017
0124525028
0124525081
0124425037
0124425034
0124325031
0124525081
0124525081
0124525081
0124425034
0124525081
0123310017
0124425034
0124425037
0124655173
0124425039
0124525047
7711134894
231008246R
5001847422
0124425039
0124425037
231007033R
8200660053
5001847422
5001847422
0124525047
0124525047
0124525047
0124525047
0124525047
0124525047
0124525047
0124525047
0124525047
0124525047
0124425037
0124425039
5001847422
0124525044
0124425037
0124425037
0124425039
0124525047
0124525047
231002513R
0124525044
0124525047
0124425039
0124525047
0124525047
0124525047
0124525047
0124525047
0124525047
0124525028
5001847422
0124415013
0124425039
0124425039
231008246R
0124325031
0124325031
0124425037
0124525044
0124425039
0124425039
0124425039
0124425039
0124525081
0124655173
0124415013
0124655173
0124655173
0124655173
0124655173
0124655173
0124655173
0124655173
0124655173
0124655173
0124655173
0124655173
0124655173
0124655173
0124655173
0124655173
0124655173
0124655173
0124655173
0124655173
0124525028
0124655173
0124655173
0124655173
0124655173
0124655173
0124655173
0124655173
0124655173
0124655173
0124655173
0124655019
0124655173
0124655173
0124655173
0124655173
231002513R
0124325102
0124325102
0124325102
0124325102
0124325102
231008040R
0124655173
0124655173
0124655173
0124655173
0124655173
0124655173
5755801500
5755801500
231006729R
231008137R
5755801500
5755801500
5765070901
5765070901
5765070901
5755801500
5755801500
5755801500
5765070901
0124525151
231006729R
243503708R
231006729R
231006729R
231006729R
231006729R
231006729R
231006729R
231006729R
231006729R
231006729R
231006729R
231006729R
231006729R
231006729R
231006729R
231006729R
231006007R
5010589525
231006729R
231006729R
231006729R
231006729R
231006729R
231006729R
231006729R
231006729R
231006729R
231006729R
231006729R
231006729R
231006729R
231006729R
231006729R
231006729R
231006729R
231006729R
231006729R
231006729R
231006729R
231006729R
231006729R
231006729R
231006729R
231006729R
231006729R
231006729R
231006729R
231006729R
231006729R
231006729R
231006729R
231006729R
231006729R
231006729R
231006729R
231006729R
231006729R
231006729R
231006729R
231006729R
231006729R
231006729R
231006729R
231006729R
231006729R
231006729R
231006729R
231006729R
231006729R
231006729R
231006729R
231006729R
231006729R
231006729R
231006729R
231006729R
231006729R
231006729R
231006729R
231006729R
231006729R
231006729R
231006729R
231006729R
5765070901
5765070901
5755801500
5755801500
5765070901
5765070901
5765070901
5010149022
231001822R