231002179R
0986045241
8200054588
8200107686
0637319590
231005300R
7420842445
231004402R
231004436R
231004436R
8200386806
8200667608
0986048611
231003831R
8200385098
0986048611
0986046440
0637319330
0124655087
0124655131
231008040R
231008040R
231008040R
8200205612
5001838198
9443909042
0637319590
0637316270
0986046440
231000011R
7711134312
8200086130
7700424585
7700436627
7711135519
7700872258
7711134795
7700862865
7701499602
7700245584
7700424584
231006956R
7700862865
7701499602
231009092R
231008593R
231008593R
231008593R
231008593R
231008593R
231008593R
7700424582
7700424595
231003831R
8200410674
8200667611
231000026R
8200390676
8200660034
7700300407
7711134617
7700431944
8200251006
8200660022
7700300407
7711134617
7700424585
7700436627
7700424582
7700424595
7700872258
7711134795
7700245584
7700424584
231003831R
7700431944
7711134312
8200086130
7711135333
8200290217
8200103744
7700422237
7700427932
7711497096
231001059R
231004436R
5001838198
231004402R
5001838198