231008137R
231002179R
2381521202
0986080410
231002179R
0986046260
0124525533
231008246R
6020017103
231008246R
0124525533
0124525533
0986049810
0124525533
0124425110
0124525533
0986046260
2303381102
231008246R
0986046260
0986046260
231007033R
7711134926
8200138269
231000026R
7711497409
8200660034
7420862899
7700300408
0986049810
0124425110
2303401102
0986049810
7700106500
7711134257
2303371602
5001591202
8200327183
8200992208
7711135504
8200159642
8200323127
8200737574
8200360480
7711134722
8200054588
231007119R
8200323127
8200737574
231000646R
8200660043
231007119R
7711368683
8200623231
7711134722
8200054588
8200757870
8200474219
8200660041
7711134926
8200138269
8200290220
9645865080
9634475880
7700377091
7711134758
8200112065
7700430183
8200120571
8200206251
8200495304
7711134926
8200138269
8200290220
9645865080
7701477001
7711497093
8200404459
8200206251
8200495304
7711135504
8200159642
7711135942
8200229907
8200561961
7711368683
8200623231
7701475896
8200660033
8200325823
8200846074
7711497186
8200030635
8200103726
8200727051
7701476810
8200030635
9634475880
6001548052
6001549064
7711135942
8200229907
7700429042
7700870279
7711497616
8200523616
231008578R
7711368380
7711135942
8200229907
8200327183
8200992208
7700377092
7711134758
8200112065
7700430183
8200120571
7700431945
8200030635
8200103726
7701475896
8200660033
8200325823
8200846074
7711497186
7700377091
8200410681
8200667614
8200622004
8200660022
8200251006
8200206251
8200690202
8200327183
8200660029
7711135519
231007619R
231007619R
231004436R
231008246R
7700314321
231008246R