0350588029
7701477689
6461500260
7701055871
7701207807
7701477689
6001547291
7701476465
9401130100
9401130100
9401130100
9401130100
7700110616
9401130100
9401130100
9401130100
9401130100
8200113636
7701477507
9401130100
7701055871
7700110616
7700110616
1987945414
8200489514
7701477507
0350588095
0350588038
8200489514
7701062985
8200229907
0350588010
0350588004
7701477689
8200229907
8200113636
6111550015
6111550015
7701055871
7701055871
7701207807
7711368727
8200584039
8200468131
9401130100
9401130100
7701476465
6111500360
8200468131
7701055871
8200468131
7701055871
8200113636
7701055871
7701207807
8200113636
6111500360
6111550415
8200113636
7701477689
9401130100
6071500060
231000012R
8200489514
7701476465
7701477689
7700110616
9401130100
9401130100
9401130100
6001547291
7700110616
7701055871
7701207807
6001547291
7700110616
7701477689
9401130100
7701476465
8200113636
7701477689
7701062985
7701477507
8200113636
7700110616
8200113636
8200113636
8200113636
8972293660
7701066401
8200399801
9401130100
7701071376
8200489514
6071500060
7700110616
7701477689
8200113636
7701476465