402065345R
402063149R
7701207898
6001547684
7701205842
7701205846
7701204901
7701206614
7701204901
7700716947
7700716947
7701204285
6001547684
7701205842
0986479708
0986479195
0986478390
7700715166
7701206339
0986478390
7700715166
402060010R
8200007121
8200007121
0986478305
7701205842
7700314107
8200007121
6155236037
6155236037
6155236037
6155236037
8200468421
7700314107
7701210081
402062212R
7701207897
7700314107
7700302128
7700802233
7701205842
0986479708
0986479708
5010260609
7700715166
7701204283
7700780892
7700561367
7701204283
8200007121
0986478305
6025304079
402066300R
7701205842
7701206614
8200007121
7700302128
0986478757
6025304079
7701206613
7701205842
7701205842
7701207227
7701206613
7701206613
7701205845
7701204286
7701205228
6001547684
6001549211
7700716947
7701716947
0986478305
7701204285
0986478390
402060003R
7701206614
7700716947
7701204285
0986478390
7701205842
0986478124
0986479708
7700314107
7701205842
7700302128
2401220289
2401210106
402060002R
7701205842
7701206614
5010216548
7701205844