2401080114
7700800002
7701205842
402060010R
6001547684
7700716947
7701204285
7700756572
7700800002
7701207823
7701207898
0986479007
0986479708
0986478590
7701205842
7700780892
432000367R
432001539R
8200007122
0986479555
0986479779
402060002R
8660002095
7701206198
6025304079
402060540R
7701206328
0986478590
7701205842
0986479007
7701207823
0986478590
7701209839
0986479195
7701207227
7701206614
7701207795
7701206924
5001871281
7701210081
7701207795
7701206673
8200007121
7701207897
7700704705
8200381148
7701207227
0986479779
6025304079
0986478105
7701207227
8200007122
7700302128
7700302128
432000367R
0986478598
0986479195
7701205842
7701206673
7701206673
7700716947
7701206614
7701206614
7701206614
7701205842
7701206614
7701206613
7701205842
402060010R
5000388057
402062212R
0986478970
2677509716
6001549211
0986479164
410604441R
7701207897
7701207357
0986479555
7700314107
7700314107
7701205845
402060002R
402060002R
7700800003
7701204296
8671016878
0986478590
0986479779
0986479488
2401080109
0986479195
0986478598
0986479007
0986479611
7701472838
7701206673
2401220216
2401110151
7701207897
7701207898
4363101900