7701041607
0986221030
7700863020
7700100643
224333529R
8200702693
7701070071
0986221046
8200734204
9220081505
0040100250
9220081505
0040100250
7700749450
7700858138
7700100643
7700749450
7700858138
8200702693
8200568671
8200154108
8200154186
8200154108
8200035420
7700113357
7700113357
7700107177
8200405098
7700113357
8200568671
7700107177
8200035420
8200200861
8200765882
8200035420
7700107177
8200154186
7700875000
7700113357
8200154186
7700113357
8200154186
8200035420
8200405098
7700113357
8200154186
8200154186
7700113357
8200035420
8200154186
8200154186
7700113357
8200405098
8200154108
7700113357
8200672564
7700875000
8200154186
8200405098
8200405098
8200154186
7700107177
7700107177
8200154186
8200765882
7700113357
7700875000
8200154108
8200765882
8200380267
8200765882
8200765882
224333529R
7700113357
8200200861
8200405098
7700107177
8200672564
8200154108
8200405098
8200568671
8200405098
8200405098
7700107177
8200154108
224333529R
7700113357
8200380267
8200568671
8200154108
8200154186
8200154108
8200035420
7700113357
7700113357
7700107177
8200405098
7700113357
8200568671
7700107177
8200035420
8200200861
8200765882
8200035420
7700107177
8200154186
7700875000
7700113357
8200765882
8200765882
224333529R
7700113357
8200200861
8200405098
7700107177
8200672564
8200154108
8200405098
8200568671
8200405098
8200405098
7700107177
8200154108
224333529R
7700113357
8200380267
7700274008
7700107269
7700100643
7700100589
7700100643
7700274008
0221504030
7700274008
7700274008
7700274008
7700274008
7700274008
7700100589
7701041607
7700100643
7700274008
7700107269
0607081490
0607170510
7701070071
6001543604
7700274008
7701041607
7700274008
7700100643
0607170510
7700875000
0607171000
8200699627
7700875000
0606900020
8200557831
8200089768
8200110038
8200380267
8200154186
8200035420
0607170730
0607170560
7700873701
7700732263
7700274008
7700274008
8200699627
7700107269
7700100589
8200702693
7700107177
8200154186
0607170350
0607170350
7700274008
0040100315
0040100336
0986221033
6001543604
7700274008
0607170680
7700873701
7701031135
7700107177
8200154186
7700107177
8200154186
7700107269
0607170510
7700107177
8200699627
7701070071
8200699627
7701041607
7700274008
7700274008
7700100589
7700274008
7700274008
7700274008
7700274008
7700274008
8200568671
8200154186
8200035420
8200568671
224333529R
8200200861
8200380267
224333529R
8200035420
7700107177
8200380267
7700107177
8200154108
8200154108
7700875000
8200200861
8200200861
8200568671
8200035420
224333529R
8200765882
224333529R
8200765882
7700107177
8200154186
224333529R
8200154186
8200154108
8200672564
8200380267
8200380267
224333529R
8200380267
8200380267
7701041607
8200568671
8200154186
8200035420
8200568671
224333529R
8200200861
8200380267
224333529R
8200035420
7700107177
8200672564
8200765882
8200672564
224333529R
8200200861
8200672564
8200380267
224333529R
8200765882
7700107177
8200154186
224333529R
8200154186
8200154108
8200672564
8200380267
8200380267
224333529R
8200380267
8200380267
7701041607
7700274008
7700113357
8200765882
8200035420
8200200861
7700875000
8200200861
7700113357
7700113357
7700113357
8200765882
8200035420
8200200861
7700875000
8200200861
7700113357
8200200861
0607170350
7701041607
0986221030
7700863020
7700274008
7700274008
8200699627
8200084401
8200051128
8200734204
0607170730
7700274008
8200208611
8200568671
8200208611
8200208611
8200568671
8200568671
8200208611
8200208611
8200208611
8200208611
8200208611
8200208611
8200208611
8200699627
8200699627
8200699627
7701041607
8200699627
7700274008
7700274008
7700274008
7701041608
7700863021
7700872449
8200713680
0607170200
0607170700
0607170180
7701041607
8200667619
7700872449
8200702693
7700875000
8200575895
7700107177
7700875000
0606900020
224332428R
7700875000
0040100325
0607170560
7700872449
7700872449
7700107177
7700875000
7700107269
0040100048
8200051128
7700274008
7700722070
7700875000
7700875000
0221604014
0606900020
7700875000
8200051128