7700872449
0606900020
7401275174
7401275174
7401275174
7401275174
7401275174
7401275174
224333529R
7701065086
8200051128
9663278480
7700850999
7700854306
7401275174
7401275174
7401275174
7401275174
7401275174
7700872449
7700100589
7700100589
7700100643
7700100643
224332428R
7700872449
0607171000
7700100589
7700107269
7700107269
7700863021
7700107269
7700850999
7700854306
7700100643
7700872449
7700872449
7700274008
7700274008
7700872449
7700100589
7700872449
7700872449
7700100589
7700872449
7700872449
7700872449
7700872449
7700872449
7700872449
224333529R
7700872449
7700872449
7700872449
7700872449
7700872449
7700872449
0606900020
7700872449
7700872449
0986221045
8200699627
224332428R
8200699627
7700107269
7700875000
7700107177
0986221036
7700107269
7700107269
7700107269
7401275174
0606900020
0607170370
7700107269
0607170370
7701065086
7701065086
7401275174
7401275174
8200699627
0607170350
8200360911
8200699627
7701041607
7700107177
8200154186
7701041607
0986221030
7700863020
224332428R
8200051128
8200360911
0607171000
8200360911
8200699627
8200699627
8200699627
8200699627
8200699627
8200699627
8200699627
8200699627
8200699627
8200699627
8200699627
8200699627
8200699627
7700100589
7700274008
7701065086
7700872449
0607170350
7700872449
7700872449
7700872449
7700872449
7700872449
8200699627
8200699627
8200051128
8200699627
7700100589
8200699627
8200699627
8200699627
8200699627
7700858320
7700872693
7700100643
7700107269
7700274008
7700872449
7700872449
7700872449
7700872449
7700872449
7700872449
0607170350
8200699627
8200699627
8200699627
8200699627
8200699627
8200699627
7701041607
0986221030
7700863020
7700872449
7700872449
7700872449
0607170350
7700872449
7700872449
7700872449
7700872449
7700872449
8200699627
8200699627
8200699627
7700872449
7700872449
7700872449
8200699627
8200699627
8200699627
8200699627
7700872449
7700872449
7700872449
8200699627
8200699627
8200699627
7700872449
7700872449
8200699627
7700872449
7700872449
7700872449
7700872449
7700872449
7700872449
7700872449
7700872449
7700872449
7700872449
7700872449
8200699627
7700872449
7700872449
7700872449
7700872449
7700872449
7700872449
7700872449
7700872449
7700872449
7700872449
7700872449
7700872449
7700872449
7700872449
8200699627
8200699627
7700872449
7700872449
8200699627
8200699627
8200699627
8200699627
7700872449
7700872449
7700872449
7700872449
7700872449
7700872449
7700872449
7700872449
7700872449
7700100589
7700863020
7700854306
7700107269
7700854306
7700872265
7700100589
7700274008
7700274008
9664401880
7700274008
7700274008
7700274008
7701041607
7700858320
7700872693
7700858320
7700872693
7701041608
7700854307
7700872692
7700274008
0607170730
224333529R
0607170710
0607170510
8200765882
0607170550
8200699627
8200699627
8200699627
8200699627
7700107269
7700110616
0040102019
7700872449
7700872449
0607170690
0607170490
7700872449
7700872449
7700872449
7700274008
7700872449
7700872449
8200699627
7700274008
8200699627
8200699627
8200699627
8200699627
7700872449
7700872449
7700872449
7700872449
7700274008
8200360911
7700872449
7700872449
8200699627
7700872449
7700872449
7700872449
7700872449
0040100242
0040100242
7700872449
8200699627
8200699627
8200699627
8200699627
8200699627
7700872449
7700872449
7700872449
7700872449
2303590382
8200699627
9220081505
0040100250