0040102161
7700875000
7700274008
8200699627
0221504030
7700872449
7700274008
8200765882
0040100052
0040102037
0040102037
8200699627
8200699627
8200699627
8200699627
0221119027
8200734204
7700274008
7700872449
8200360911
7700872449
7700872449
224332428R
7700872449
7700872449
7401275174
8200699627
8200405098
8200154186
8200154186
7700113357
7700113357
7700875000
7700107177
0607171920
9633001580
7700100643
0040100052
7700872449
7700872449
7700100589
0040102037
7401275174
0607172010
0607172030
7700732263
7700732263
7700732263
7700107269
0040102019
7700110616
0607170370
7401275174
7700274008
0607172030
0986221045
3050063401
0221119027
8200568671
8200380267
224332428R
0221119027
5010278308
224332428R
8200051128
7700274008
7700110616
0040102019
0607170370
8200051128
8200025256
0607170600
0606900020
8200051128
0607170600
7701065086
1137425971
7701065086
0607170600
0040102019
7700110616
0040102019
7700110616
7701065086
7700872449
8200051128
8200025256
7700872449
8200051128
0607170370
7700274008
7700875000
3391600400
7700872449
7701065086
7701065086
8200699627
0221504030
8200699627
0221504030
8200051128
8200025256
7700110616
8200699627
0607170370
7701065086
0040102019
7700110616
6071719201
0986221045
7700100643
7700100643
7700107269
8200360911
8200360911
8200699627
8200699627
8200699627
8200699627
8200699627
0607170600
8200699627
8200699627
224332428R
9663278480
7700872449
0607170370
0607170370
0607172010
0040102037
7700110616
0607171000
0607171920
0040102019
0607170370
8200699627
8200699627
8200699627
8200699627
8200360911
8200360911
8200380267
0986221045
224333529R
7700863020
7700865923
7700872834
8200141149
7700875000
7700274008
6001543604
7700872449
7700274008
7700274008
7700872449
7700872449
7700872449
7700872449
7700872449
7700872449
8200699627
7700110616
0040102019
0607171000
7700732263
7700852094
0607170370
0040102037
7701065086
7701065086
224332428R
7700872449
7700872449
7700872449
7700872449
7700872449
7700100643
7700100643
8200568671
7700863021
7701041608
8200208611
7701065086
0040102037
0040102037
7700872449
7700872449
7700872449
7700872449
7700852664
0607170370
0607170370
7700100589
7700100589
7700863020
7700863021
7700100643
8200765882
7700863021
8200360911
7700100589
7700854306
7700274008
8200360911
0221604014
7700863021
8200360911
7700863021
8200360911
9633001580
7700863020
7701041607
7700875000
8200568671
0040102037
8200702693
0607170680
7700872449
0606900020
0986821060
7701065086
7700100643
7700100643
0607171000
0040102019
7700110616
7701065086
0607170350
0607170370
0607170370
0040102037
7401275174
7401275174
7401275174
7401275174
8200699627
7401275174
7401275174
8200699627
8200051128
8200025256
7700872449
7700872449
7700872449
7700872449
7700872449
224332428R
7701031135
8200702693
7700732263
7700860482
8200699627
7700872449
7701041607
7401275174
7700872449
7700872449
7700872449
7700872449
7700854306
8200699627
8200699627