0607171010
224337085R
224337085R
0221503407
0221119030
8200051128
0040100347
6071720101
7700872449
7700872449
8200702693
0607172010
0607172010
0221604014
7700100589
7700100589
7700100589
8200141149
8200360911
8200051128
8200360911
0607170720
8200025256
0986221045
7700100643
0040102037
0607171900
0221503407
0221119021
7700274008
8200702693
8200051128
0986221033
7700107269
224336134R
8200360911
8200360911
0221604014
8200360911
0221604014
7701065086
0986221046
8200360911
0221119027
0608100700
7401275174
0608100700
8200360911
8200699627
0221504030
7701065086
7701031135
8200360911
0986221045
0986221046
0607170370
7700863020
0607170720
0607171010
0607171010
7701041607
0986221045
224336134R
8200699627
0607170600
0607170600
0607170600
0607170370
0986221046
0607171900
0986221045
0607171900
224333529R
7700100589
7701031135
0986221045
0607170600
7700274008
7700875701
0607170600
6001543604
7700274008
0607171010
0986221045
0986221045
7700863021
7700863020
0986221045
0986221045
9619025280
0221119030
7700854306
7700872265
8200360911
8200702693
7700863020
7700865923
6001543604
9663278480
9633001580
7700100643
9633001580
7700863020
7701041607
7700100643
0221604014
7701031135
7700274008
7700749450
7700863021
7701041608
8200702693
0986221001
224337085R
224336134R
224337085R
7701065086
0040102019
7700110616
7700274008
0607170710
0607170700
0607170710
0607170700