8200051128
0221119021
7700854306
7700872265
6071719001
8200360911
0221604014
7700854306
7700872265
7700107269
7700100643
7700854306
7700854306
7700850999
7700865923
7700863020
7700854306
7700872265
0221124001
8200051128
8200734204
8200084401
8200025256
8200084401
8200051128
0221604014
0221604014
0607170720
0607171010
8200025256
8200051128
0608100700
7401275174
8200380267
0607171010
8200360911
0221604014
7700100589
8200141149
0986221026
7700100643
0986221025
7700100589
8200360911
0607170550
0221124001
0607170550
8200360911
8200360911
0607170720
0607171010
8200702693
7700872834
8200141149
0221604014
0607170720
0221604014
7700107269
0607170550
0986221046
6001544755
0608100700
0297008291
0297008291
7701041608
7700863021
7700872449
8200141149
7700872693
7700858320
8200360911
0221604014
0221604014
0221604014
0922008150
8200702693
7700107269
7700100643
8200025256
8200702693
7700872265
7700854306
0297008291
0221119030
0040100254
0986221033
7700863021
7701041608
0986221079
7701031135
0986221030
8200051128
8200360911
7700854307
7700872692
7701031135
8200154186
8200380267
7700100589
7700858320
7700872693
7700107269
7700872265
7700854306
0986221031
0221604014
7701041608
7700863021
7701041608
0607170600
8200051128
0607170370
8200084401
0040102037
0607170490
0607170560
0607170490
224332428R
0607170730
0607170730
0607170680
0607170680