7700863020
7700865923
8200051128
8200084401
224333529R
8200051128
8200051128
8200051128
7401275174
8200084401
0221124001
5148850000
7401275174
8200702693
8200360911
8200702693
7700274008
8200051128
8200051128
8200702693
6000592931
6001544755
8200051128
7700863021
7700100643
7401275174
545000011R
8200702693
7700872449
7700872834
8200360911
0221503407
5148850000
8200084401
8200025256
8200084401
8200084401
0040100354
224337085R
8200084401
0986221060
0986221060
0986221060
8200051128
8200084401
0040100343
0000597057
8200084401
0986221060
0986221060
224337085R
0986221060
0986221060
0986221060
8200360911
0221604009
4391600100
0040102056
0986221036
0986221036
8200360911
7700274008
7700274008
0986221036
7401275174
9633001580
7700749450
7700858138
8200360911
0986221036
7700274008
6001543604
8200025256
8200051128
6001543604
6001544755
224336134R
6001543604
7700872834
8200141149
6001543604
224336134R
6000592931
6001544755
8200084401
7700872449
7700872834
0040100343
0000597057
8200025256
7700274008
8200702693
8200702693
8200084401
7701041607
224332428R
6001543604
224336134R
0040104100
0986221079
0986221060
8200141149
7700872834
0986221025
0986221060
7700100589
7700100643
224332428R
2819060000
8200025256
8200084401
7701065086
7700858320
7700872693
8200699627
0986221026
5010306653
0607170720
0607170550
0607171010
224332428R
8200025256
7700274008
224332428R
224332428R
224332428R
8200699627
0040100343
0000597057
224332935R
224332935R
224332935R
7700854306
7700100643
7700100589
0607170690