7701205842
7700314107
7701206614
2677509716
6001547684
7700716947
7701204285
7700716947
7701204285
7700756572
7700716947
7701204285
0986479007
6001549211
402060003R
7701207897
0986479684
0986479610
7701204295
7700314107
6001547684
0986479682
7701208849
0986479555
6155230016
6155230016
6155230016
6155230016
0986479109
7701206673
0986479684
5010260603
5010260603
7701207823
7701205228
7700802231
7701206614
5010260603
7701207823
7700314064
7701205228
7701210081
0986479610
0986478734
7700802231
0986479555
7701209839
7701208849
5010260604
0986479165
5010260609
7701207795
0986479610
5010260609
0986478273
4363101600
4363101600
432064087R
7701206673
5010260603
7701205842
7701207795
7701207378
7701205842
7701207898
7701207227
7700716947
7701204285
7700756572
7701207823
7701207996
7700715081
2677509716
6001547684
7700715081
0986479109
0986479555
2401120160
2401240171
0986478970
0986478734
0986479610
7701207378
2401230119
7701207823