8200266777
8200227092
1005831394
7700116282
8200665518
8200227092
8200634602
0001106012
0001106023
233000686R
7700274351
7700116282
0986022830
7700116260
8200331251
7700116282
233004868R
8200143045
8200021396
8200568535
233004868R
8200237594
8200634602
8200021396
8200306595
0986021051
8200298371
233007970R
1005821794
8200568535
8200724805
8200021396
8200628430
8200426577
8200634602
0001106023
0001106024
233004868R
8200227092
8200266777
8200049826
8200021396
8200568535
233000557R
0001106017
8200266777
8200584837
0986021051
233000557R
8200568535
233004868R
8200628419
7700116282
233007224R
1005831127
8200444783
8200331251
8200237594
8200568535
233008223r
9432068110
8200628430
0001110114
0001106023
8200266777
233000686R
7700274351
1005821068
233001073R
233009813R
1005821983
0001106012
233006508R
8200460883
8200075362
8200266777
8200369521
233003759R
233003248R
7700116282
7700865719
233000557R
233000557R
8200628430
233000557R
0001106017
233000557R
0001106017
233000557R
1005831127
233001073r
8200227092
8200724810
233003407R
1005821888
8200130624
233000106R
8200369521
233000686R
0001108186
7700113207
8652138646
233003407R
8200665518
8200584675
9432519210
7700108030
233001073R
0001106022
8200306595
233007224R
233003329R
8200069377
233001073R
8200331251
0001106017
233004979R
0001108186
8200628426
8200568535
8200628426
233000686R
7700116260
8200369521
233004868R
8200584675
8200426577
8200584675
8200665518
8200584675
8200227092
8200426577
8200426577
8200584675
233000106R
8200568535
233001073R
8200741476
233004868R
8200186148
233000106R
0001106023
233001073R
233001073R
2800741476
233004868R
233000779R
8200724805
8200628429
8200584664
8200126298
233006662R
8200096510
8200628419
233000686R
233001073R
8200021396
8200021396
233001073R
8200369521
8200369521
8200021396
8200227092
8200628430
8200298371
0001108429
8200186148
0001106023
8200836473
8200369521
8200331251
8200021396
8200628426
8200306595
7711135849
8200227092
0986022810
8200075362
8200317008
8200237594
8200331251
233005951R
8200369521
8200584675
0001108186
8200227092
8200628429
8200227092
233007224R
8200458765
8200298371
8200331251
8200266777
233004868R
8200568535
8200298371
8200568535
8200584675
8200075362
233000557R
0001170629
0986013590
0001170633
8200628429
1005831127
8200628430
7700116260
8200331251
8200306595
8200724805
8200237594
8200463004
0001108186
8200369521
8200815083
8200724810
8200568535
7711134802
8652138646
233000379R
233000157R
8200227092
8200106788
8200584675
8200064465
7711134793
8200628419
8200186148
8200466754
8200583014
0001106023
8200584675
8200584675
8200568535
8200621305
8200317008
8200237594
0001136008
0001106024
8200227092
1005821888
8200815083
8200317008
8200237594
8200021369
8200331251
8200186148
8200021396
8200584675
8200628419
8200583014
8200568535
233000686R
8200369521
8200069377
8200628419
8200584675
8200331251
8200021396
233009161R
7700274351
0001116001
8200069377
8200568535
0001136008
8200584675
8200369521
8200331251
233000686R
0001116001
0001116001
8200096510
7700274303
8200143045
8200792969
8200075362
8200096510
8200298371
0001108166
8200584675
8200584675
8200049826
0001116001
8200306595
1005821983
8200369521
8200227092
7701499651
8200331251
8200369521
233003759R
8200331251
8200331251
8200306595
8200306595
8200106788
8200399594
7701499651
8200331251
0001106017
8200584675
8200126298
0001106024
233000106R
8200021396
233000557R
0986018040
233001375R
233000686R
8200584675
0986017840
8200331251
8200306595
8200331251
8200395438
233000779R
8200369521
0001106023
8200584675
8200018818
8200369521
8200568535
8200369521
8200130624
8200369521
8200568535
8200186148
233006780R
233000557R
233000686R
233004868R
233004868R
8200583014
8200021396
8200021396
8200369521
8200306595
8200836473
8200075362
8200836473
8200584837
233006662R
233000686R
8200130624
7700377051
233001071R
233004868R
8200331251
7711134802
0986021051
233005513R
233001071R
233005513R
8200568535
0001106023
233006662R
8200628430
0001112025
8200143045
8200306595
233003329R
0001106023
0001106023
0001106023
0001106023
0001106023
0001106023
0001106023
0001112025
0001112025
0001106023
0001106023
0001106023
0001106023
0001106023
0001106023
0001106023
0001106023
0001106023
0001112025
233000557R
8200331251
8200331251
8200580001
233003329r
8200266777
8200568535
8200836473
233003329R
8652138646
8200317008
8200064465
0001108186
8200075362
233000779R
8200075362
233006662R
0001106012
7700105119
8200075362
7700274178
8200399594
7700113207
8200815079
233000106R
7700274178
8200568535
8200665518
0001109268
3233006662
0001106023
8200568535
8200360480
0124425029
0001106023
7700274351
8200306595
8200628419
8200568535
233003248R
8200227092
8200584837
7700274351
8200929534
233004868R
233001073R
8200106788
8200792969
233006508R
8200186148
233000686R
233000106R
8200426577
8200584675
233000557R
0986017840
233000557R
7700431286
8200096510
7701352049
8200621305
8200227092
233003329R
233007970R
8200463004
233007970R
8200466754
0001106023
0001110114
8200021396
233001073R
8200306595
8200369521
7701499477
7700865719
0001145255
8200836473
233003131R
8200584675
233007970R
233004868R
233000379R
8200584675
8200369521
8200628426
233007970R
7700274351
8200584837
0001136008
0001136003
233004979R
233003329R
8200227092
8200075362
8200369512
8200836473
233004868R
233000557R
8200331251
233003759R
233003759R
8200369521
233004868R
8200331251
7700274351
8200331251
8200369521
8200237594
233007689R
8200331251
8200064465
8200369521
7700274178
8200792969
8200331251
233001073R
233001073R
8200568535
7700274351
0001107067
0001107067
0001106023
0001106023
0001107067
0001107067
0001106023
0001136008
233007970R
0001106023
0001106023
0001106023
0001106023
8200792969
233003407R
8200331251
0001108143
8200741476
8200096510
0001106023
233002654R
0001106023
0001106023
0001106023
233000686R
8200331251
8200634604
233007689R
0001106023
0001106023
0001106023
233003329R
233009161R
8200237594
8200741476
0001106023
0001106023
0001106023
0001106023
0001106023
0001106023
0001106023
0001106023
0001106023
0001106023
7700116282
233001071R
8200621305
0001106023
0001106023
0001106023
0001106023
0001106023
0001106023
0001106023
0001106023
0001106023
0001106023
0001106023
0001106023
0001106023
0001106023
0001106023
0001106023
0001106023
0001106023
0001106023
0001106023
0001106023
0001106023
0001106023
0001106023
0001106023
0001106023
0001106023
0001106023
0001106023
0001106023
0001106023
0001106023
0001106023
0001106023
0001106023
0001106023
0001106023
0001106023
0001106023
0001106023
0001106023
0001106023
0001106023
0001106023
8200584675
8200621305
8200331251
8200724810
233000106R
233000157R
233000557R
233000557R
8200929534
8200792969
233001073R
0001218153
8200266777
8200568535
233006508R
233006662R
233000779R
8200815083
0986024190
0001107067
233006662R
0001112025
233004868R
8200568535
233004979R
8200237594
8200266777
8200096510
233003329R
8200836473
8200331251
0001108186
8200331251
8200628430
8200568535
8200634602
8200331251
8200568535
8200237594
8200568535
8200568535
0986021051
8200369521
8200466754
8200584675
233002654R
8201268218
7700116282
8200143045
8200568535
8200369521
8200331251
8200836473
8200021396
8200021396
8200021396
233003329R
8200227092
233000779R
8200665518
8200331251
8200579570
8200021396
8200331251
233001071R
8200021396
8200227092
8200227002
8200018818
233003329R
233001071R
0001112025
0001112025
233001071R
0001112025
0001112025
8200583014
8200634602
8200369521
8200331251
8200106788
8200369521
8200237594
7700116282
0001170633
0001218153
8200369521
233007970R
233000686R
233004979R
233003329R
0001170633
8200584675
8200227092
8200836473
8200584675
233000686R
233000686R
8200369521
233008362R
233003330R
7700116282
233003759R
8200075362
0001106023
233000779R
1005821983
8200628429
8200568535
233007224R
8200836473
233001073R
8200568535
8200815079
8200815079
233002654R
8200369521
8200584837
7700116282
8200227092
233000686R
233003248R
8200634602
233008223R
8200568535
233005993R
8200227092
8200621305
233000696R
7700116260
8200426577
0001110114
233001073R
8200369521
8200628430
8200426577
8200953359
8200395438
8200792969
7700274351
7700274351
7700274351
8200628426
233004868R
8200426577
8200426577
233004868R
8200227092
8200306595
233003759R
233001073R
233001073R
233001073R
0001108186
233007970R
233004868R
233001073R
233007970R
233004868R
0001208517
8200021396
8200399594
233001375R
8200584675
0001108186
8200584675
8200584675
8200584664
8200075362
8200568535
233000686R
8200021396
8200741476
8200741476
8200227092
8200836473
8200628430
233001073R
233006508R
1005831127
7700274178
233000779R
233003329R
8200463004
8200075362
8200306595
233004868R
8200227092
8200836473
8200584837
8200665518
8200227092
233000557R
8200792969
8200266777
8200628430
8200237594
8200106788
8200266777
8200836473
8200237594
8200227092
8200021396
8678388646
0986017840
8200584675
8200466754
8200331251
8200227092
8200018818
8200836473
8200227092
8200568535
8200466754
8200227092
8200792969
233009813R
8200331251
1005821983
7701351392
233006867R
0001116001
8200237594
8200018818
8200568535
8200568535
8200568535
7700116282
8200628430
8200634602
8200186148
7700274351
233000379R
8200237594
8200836473
7700116282
8200227092
8200237759
8200096510
233006662R
0001108003
233006662R
8200143045
8200227092
8200266777
233006508R
0986018360
8200021396
8200584675
233001375R
7700106763
8200186148
8200628430
8200126298
233000557R
8200317008
8200331251
8200584664
0001106024
8200724810
233003329R
233006662R
8200584675
233007970R
8200227092
8200665518
233006508R
233001073R
8200836473
233003248R
8200369521
8200266777
233004868R
8200628430
8200096510
8200126298
8200741476
233007224R
0001110114
8200186148
233003329R
8200369521
233002654R
8200584675
233006867R
233000106R
233003759R
233005951R
233003329R
8200741476
8200306595
233004868R
8200331251
8200227092
8200331251
8200568535
7700274303
8200584675
8200584675
8200331251
8200266777