8200225336
0001218167
7700113627
7711134297
8200143045
7700104674
7711134530
7700260710
7700759861
7700865985
7701499615
7711134260
8200628430
233000557R
233009813R
233000557R
233006867R
9432068110
233000557R
233002654R
233000686R
233002654R
9432068110
233000106R
0001136008
233000557R
233005993R
8200836473
4709060400
8200096510
7701351390
7700106426
7700106763
8200049826
7700104674
233003329R
7700761416
233000686R
7701352126
7700867631
7700870951
7700104674
7700105119
8200049826
7700864608
7701352126
7700867631
7700870951
7700104674
7700105119
8200049826
7700864608
233000686R
7700761416
8200584837
7711135849
233006662R
9432068110
233009813R
9432068110
8200143045
7700113627
7711134297
233004868R
7701351390
7700100647
7700854955
9432068110
233004868R
233000557R
233006662R
7701499615
7700862838
7700865985
7700864608
7701499651
233009813R
0001107067
0001106012
0001106012
0001106012
0001106012
0001106012
0001106012
0001108080
0001106012
0001106012
0001106012
0001106012
0001106012
0001106012
0001106012
8200634602
0001109306
0001109306
8200718435
0001108107
5435970000
0001108107
0001108080
0001108080
0001108107
0001106012
0001106012
233000686R
8200688839
8200628430
233004868R
233004979R
8200225336
0001106012
0001106012
0001106012
0001106012
0001109306
0001106012
0001106012
0001106012
0001106012
0001106012
0001106012
0001106012
0001109306
0001107067
0001106012
0001106012
233002654R
233003407R
0001106012
0001106012
0001106012
0001106012
0001106012
0001106012
0001106012
0001106012
0001106012
0001106012
0001106012
0001106012
0001106012
0001106012
0001106012
0001106012
0001106012
0001106012
0001106012
0001106012
233002889R
233009590R
233008422R
0001112025
0001112025
0001112025
0001112025
0001106012
0001107067
0001107067
0001107067
0001108107
0001107067
233000686R
0001170633
7701499482
233000686R
0001170633
233000686R
0001170633
8200568535
233000686R
0001170633
0001136008
7701499477
233000379R
233000686R
233008362r
8200628430
233009590R
8200628430
233000557R
231002949r
233003248R
233003407R
8200568535
8200568535
233001073R
8200395438
8200568535
233002889R
0001218167
233006662R
233002889R
233000157R
233003407R
233006662R
5700060920
233002654R
8200634602
5700060920
5700060920
233000379R
5700060920
5700060920
5700060920
5700060920
233005513R
0001106023
5700060920
5700060920
233008422R
0001170635
233002654R
233002654R
0001218019
8200568535