9432078410
233002654R
9432078410
8200741476
7711134793
8200064465
7700694096
7700572689
7700650287
8200036952
7700864608
7700858375
7700858114
7701499614
8201268218
8201268218
9432120310
7700313447
233009813R
233001791R
233001791R
233003248R
8201268218
233000106R
233007689R
233002654R
233000557R
9442801784
7700313447
7711497026
7701381647
5001014230
7700730756
7700113209
7701499601
7700100647
7700871057
7700116282
7711135502
8200634604
8200237594
233002889R
233003329R
5705511140
7700116282
0001367009
0001367077
7711134530
7700103386
7701499601
7700735712
0001367009
8200240487
7700274351
1329201080
7700665613
7701351026
7701499466
8200781939
8200815079
9432120310
7701499651
8200369521
7701349591
7711134530
7700104674
7700105119
7700864608
233001791R
8200182178
8200266777
233008887R
7700113209
7700853712
8200182178
8200266777
9432120310
7700103386
7700103386
7700864608
0986016400
0001359016
0001108428
0001218167
0001218167
0001218167
0001218167
0001218167
0001218167
0001218167
0001218167
0001218167
0001218167
0001218167
0001218167
0001218167
0001218167
0001218167
0001218167
0001218167
0001218167
0001218167
0001218167
0001108428
0001108428
0001218167
0001218167
0001218167
0001218167
0001218167
0001218167
0001218167
0001218167
0001218167
0001218167
0001218167
0001218167
0001218167
0001218167
0001218167
0001218167
0001218167
0001218167
0001218167
0001218167
0001218167
0001218167
0001218167
0001218167
0001218167
0001218167
0001218167
0001218167
0001218167
0001108428
0001108428
0001108428
0001218167
0001218167
0001359016
7701499651
0001108107
0001108107
0001108428
0001108428
0001108428
0001108428
0986019271
0001368306
0001218167
0001170629
0001108428
0001108428
0001108428
0001108428
0001108428
0001170629
0001170629
0001170629
0001170629
0001170629
0001170629
0001170629
0001170629
0001170629
0001170629
0001106012
0001106012
0001106012
0001136002
0001170629
0001170629
0001170629
0001170629
0001136002
0001136002
0001136002
0001136002
0001170629
0001170629
0001170629
0001170629
0001170629
0001136002
0001136002
0001170629
0001170629
0001170629
0001136002
0001170629
0001170629
0001136002
0001136002
0001136002
0001136002
0001170629
0001170629
0001170629
0001170629
0001136002
0001170629
0001170629
0001170629
0001170629
0001170629
0001170629
0001170629
0001170629
0001170629
0001170629
0001170629
0001170629
0001170629
0001136002
0001136002
0001136002
0001170629
0001170629
0001170629
0001170629
0001170629
0001170629
0001170629
0001136002
0001170629
0001170629
0001170629
0001170629
0001136002
0001136002
0001136002
0001170629
0001136002
0001136002
0001170629
0001136002
0001170629
0001170629
0001136002
0001170629
0001170629
0001170629
0001136002
0001136002
0001170629
0001170629
0001136002
0001136002
0001170629
0001136002
0001170629
0001136002
0001136002
0001170629
0001170629
0001136002
0001136002
0001170629
0001170629
0001136002
0001170629
233001791R
0001170629
0001223007
0001170629
233009813R
0001170629
0001170629
0001170629
0001170629
0001170629
0001170629
233002654R
0001410046
5705511140
5705511140
5705511140
5705511140
5705511140
5705511140
5705511140
5705511140
5705511140
7711497026
0001411009
0986023530
233003329r
233005776R
233000557R
233002654R
7420732977
5001866702