0986024190
8200106788
7711134330
0986024190
0986020131
5010306631
233003082R
0986018860
5001853713
0986020141
0001416020
0986020131
0986025390
0986016400
0986016400
0986018860
0986016400
233000106R
5010480432
0986017840
0986016660
0986024190
0986024130
0001261041
0986018360
0986022800
0986018860
8200466744
7700875450
0986024190
0637212030
0001416020
0986024190
0986018860
0986018860
0637212030
0986018860
0986018860
0986018860
0001107476
0986024190
0986020131
0986018860
8200186148
0986024130
0986016660
0986021051
0986024130
0986024130
0986017840
0986017840
0986024190
7700104674
8200082782
7700105119
7711135849
8200049826
9432120310
0986020131
0986017840
5010306631
0986018860
8200792969
0986024130
0986024130
0986016660
0986016660
8200741476
7701381644
0986024130
7700113207
8200466763
7700113627
8200143045
8200466744
7700872450
8200069377
8200781939
8200815079
7700862838
7701499615
7711135849
8200781939
6001549012
7700106763
7701352050
7711135849
6001549012
8200815079
8200082782
7711135849
0001231009
0001417053
0001417053
0001417053
0001231009
0001417053
0001417053
0001417053
0001417053
0001417053
0001231009
0001417053
0001417053
0001417053
0001417053
0001417053
0001417053
0001417053
0001417053
0001417053
0001417053
0001417053
0001417053
0001417053
0001417053
0001417053
0001417053
0001417053
0001417053
0001417053
0001231009
0001231009
0001231009
0001231009
0001231009
0001231009
0001231009
0001231009
0001231009
0001231009
0001231009
0001231009
0001231009
0001231009
0001231009
0001231009
0001231009
0001231009
0001231009
0001231009
0001231009
0001231009
0001231009
0001417053
0001417053
0001417053
0001417053
0001417053
0001417053
0001231009
0001231009
0001231009
0001231009
0001231009
0001231009
0001231009
0001231009
0001231009
0001231009
0001231009
0001231009
0001231009
0001231009
0001231009
0001231009
0001231009
0001231009
0001231009
0001231009
0001231009
0001231009
0001231009
0001417053
0001417053
0001417053
0001417053
0001417053
0001417053
0001417053
0001231009
0001417053
0001417053
0001417053
0001417053
0001231009
0001231009
0001417053
0001231009
0001417053
0001417053
0001417053
0001417053
0001417053
0001417053
0001417053
0001417053
0001417053
0001417053
0001417053
0001417053
0001417053
0001417053
0001417053
0001417053
0001417053
0001417053
0001417053
0001417053
0001417053
0001417053
0001417053
0001417053
0001417053
0001417053
0001417053
0001417053
0001417053
0001417053
0001417053
0001417053
0001417053
0001417053
0001417053
0001417053
0001417053
0001417053
0001417053
0001417053
0001417053
0001417053
0001417053
0001417053
0001417053
0001417053
0001417053
0001417053
0001417053
0001417053
0001417053
0001417053
0001417053
0001417053
0001417053
0001417053
0001417053
0001417053
0001417053
0001417053
0001417053
0001417053
0001417053
0001417053
0001417053
0001417053
0001417053
0001417053
0001417053
0001417053
0001417053
0001417053
0001417053
0001417053
0001417053
0001417053
0001417053
0001417053
0001231009
0001231009
0001231009
0001231009
0001231009
0001231009
0001231009
0001231009
0001231009
0001231009
0001417053
0001231009
0001231009
0001231009
0001417053
0001231009
0001231009
0001231009
0001231009
0001231009
0001231009
0001231009
0001231009
0001231009
0001417053
0001417053
0001231009
0001231009
0001231009
0001231009
0001417053
0001231009
0001231009
0001231009
0001231009
0001231009
5001014230
0001417053
0001417053
0001417053
0001417053
5615041131
0001261041
0001416020
0986024660
0986024660
0986024660
0986024660
0986024660
5615041131
5615041131
5615041131
5615041131
5615041131
0986024660
0986024660
0986024660
5615041131
5615041131
0986024660
5615041131