0986022810
5001831086
5010217532
0986022810
0986022990
0986022800
0001231009
0986022810
5010306413
5010508443
5001859572
8200266777
8200781939
8200584685
8200227092
8200426577
0986022810
0986023530
0986022810
0986022810
0986022810
0632168960
0986022810
5126201703
5126201903
8200018818
8200130624
0986024130
0632168960
8200741476
0986024130
0986024130
7700315522
7711134603
7431026000
8971502041
8200237594
7711135502
8200064465
7711134793
8200018818
8200130624
8200792969
0986020131
5001846324
0986022800
0986018360
0986025390