0986479551
402060010R
402060002R
7700802231
5010260609
6001547684
2677509716
2677509716
6001547684
7700800002
7701201295
432000367R
7701207898
0986479554
0986479342
0986479446
5010260603
0986479679
7701206614
7701207378
0986478970
7700314107
7701206845
0986478970
7700780077
7701204293
7701207357
7701205842
0986479679
0986479717
432029176R
6155216030
6155216030
6155210011
6155210011
6155216030
6155216030
6155210011
6155210011
1263203400
402060003R
7700314064
7701206845
7701207357
402060010R
7700314064
7700314064
7701206845
7701206845
402066300R
7701207378
7701207378
7700302128
7701207378
0986479554
7701208849
7701472838
432067943R
7700800004
7701204297
7701207823
0986478970
7701207357
7701207357
7700780078
7700802232
6001547683
7701208849
402060540R
7701205228
402066300R
7700780078
2677509716
6001547684
7700756572
0986479610
0986479684
7701208849
402021651R
2401240158
0986479554
7700314064
2401160119
0986479446
0986479679
0986479717
0986479551
7701207357
8200244108
7700314064
0986479743