8200424423
8200017893
8200075938
807301396R
3501031700
3501031700
3501031700
8201010926
8200325136
8200000937
8200722832
807300002R
3501031700
3501031700
6205090458
807218884R
8200017903
0130821720
3501031700
3501031700
3501031702
3501031700
3501031700
807200007R
8200017894
8200325135
8201010925
827209091R
8200052943
8200744935
807209732R
8200424422
6205090458
7700830597
8200000937
8200722832
7700830596
827219072R
827204587R
8200325135
8201010925
8200188461
809610007R
807205569R
807209732R
8200325135
8201010925
6205090468
8200000938
7700838592
807213867R
807211245R
8200000938
8200722834
807206641R
8200000937
8200000937
8200722832
8200000938
8200722834
8200000938
8200722834
827203827R
807218884R
8200424423
6205090458
8201010926
8200325136
807205569R
6205090458
807300001R
6205090418
6205090468
807206746R
6205090438
827012973R
6205090438
6205090458
807209732R
8200157006
807302741R
827217622R
827306548R
8200000937
3501031702
8200000938
8200843592
6205090468
6205090468
8200325138
8200325137
8200000937
8200000937
6205090258
6205090408
8200000938
8200000938
6205090468
6205090468
6205090408
8200000937
6205090458
6205090408
6205090258
7700842246
8200000938
8200291154
6205090478
8200305723
7700311821
807205115R
7700838592
7700838592
8200843597
8200843597
7700834345
8200157006
827008880R
8200017894
807319718R
5010301993
807215959R
805020355R
7700842246
807205569R
807213867R
1280014920
8200000937
8200118857
8200028070
807218568R
827200003R