807310016R
807319718R
807319718R
807315510R
807210002R
8200826173
3501031702
3501031700
3501031700
3501031702
8200826169
8200325137
8200325136
7700838592
7700838592
8200826169
8200325137
8200325135
8200325135
7700838591
7700838591
5133825491
5133825491
3501031702
3501031700
3501031702
5036200801
807210008R
3501031700
3501031700
3501031700
3501031702
3501031700
807218568R
8200826169
8200826169
8200826169
3501031702
3501035130
3501031700
8200051780
5036200801
8200028070
8201010921
8201010933
8200403241
8200051780
8201264495
8201010927
8201264475
8201010929
8200646839
8200118856
8200291148
8200099044
7700838591
7700838591
7700838592
8201010937
3501031700
8201010930
3501031700
8200028072
3501031700
807300004R
3501031700
807001363R
8201010932
5036200801
8201010924
8200291150
7700834394
8200038151
3501031700
807000002R
7700838591
7700834394
8200038151
807200008R
5133825491
8200325135
8200325138
8200325138
3501031700
8200325135
5036200801
8200325137
8200325136
3501031703
807217052R
8200325135
8200325137
8200325136
8200169095
7700838592
3501031700
8200169095
3501031700
7700834347
8200826173
8200826173
5133825491
8200733829
3501031703
3501031703
7700838591
8200000937
8200000937
8200748377
5133825491
8200000937
5133825491
3501031702
3501031702
5133825491
8200000938
8200000938
8200000938
7700311820
8200118857
7700838592
7700838592
3501031700
7700834394
8200038151
8200733829
7700311820
8200000937
8200826169
5133825491
5133825491
5133825491
7700838591
8200000937
8200000937
3501031700
3501037030
8200325138
3501031700
3501031702
8200000938
7700838592
7700838592
3501031700
3501031702
3501031700
7700834346
8200325138
3501031702
3501031702
3501031702
3501031702
7700838592
7700838592
8200325136
8200325136
8200826173
5133825491
7700834347
5133825491
7700838591
7700838591
7700838591
7700834347
8200188551
8200188553
7700838592
8200000938
8200000938
7700838592
3501031700
8201010931
8200748379
8200335242
8200335243
7700834347
7700838591
7700838591
3501031700
3501037040
3501031700
8200118857
8200188551
7700834346
8200188553
8201264485
3501031700
5036200801
8200325138
8200118777
8200099043
8200098915
8200478620
8200646836
8201010925
8201010926
8200628749
5036200801
8201264500
8200325136
8200646837
8201010934
8200118775
8201010935
8200118857
8201264490
8200843597
5036200801
8200325135
8200028071
8200028068
8200403242
8200646838
8201010936
8200085843
8200085841
8200325137
8200634738
8200843592
8200098914
5036200801
5036200801
3501031700
3501031700
3501031700
3501031700
3501031702
3501031702
7700311820
827200016R
807200008R
8200169095
8200733829
7700311820
7700834346
8200188553
8200188551
8200051780
3501031700
8201264485
5133825491