807200008R
3501031701
3501031016
3501031701
3501031016
3501031701
8200901099
3501037770
3501031702
3501031702
3501031701
3501031701
3501031610
3501031702
3501031702
3501031701
3501031701
3501031701
3501037050
3501031470
3501031702
3501031701
3501031701
3501031701
3501031633
3501031701
3501031701
3501031701
3501031701
3501031610
3501031702
3501031701
3501031702
3501031701
3501031701
3501031701
3501031701
3501031701
3501031702
3501031701
3501031701
3501031701
3501037780
8200901099
3501031701
8200628752
807215959R
3501031228
3501031702
8200901099
3501031701
3501031701
3501031355
3501031227
3501031015
807206746R
827203386R
3501037780
807210269R
3501037770
3501037770
3501033410
7700352495
3501031700
3501031701
3501031356
3501031227
7700352495
827003722R
807211245R
3501034790
3501031701
3501031701
3501031228
5010600155
7700352495
3501034280
3501034270
3501037810
3501031228
3501031228
3501037040
827203386R
3501031701
3501031016
3501031701
3501037060
3501032630
3501031228
3501031486
3501031701
3501031701
3501031485
3501031701
3501035370
807200008R
3501032630
3501031355
3501037050
3501031485
3501031015
3501031701
3501031701
3501031701
3501031701
3501031701
3501031701
3501031634
3501031701
3501031701
3501031701
3501031701
3501031633
3501031485
3501031061
3501032650
3501034790
3501031701
3501031701
3501031701
3501031227
3501031361
3501031702
3501031540
3501034790
3501031702
3501031701
3501031486
3501031530
3501031701
3501031701
3501031701
3501031356
3501031701
3501031015
8200826169
3501031015
3501031015
3501031016
3501034800
3501031015
3501031470
3501031701
3501031701
3501031701
3501031701
3501031702
3501031470
3501031701
3501031701
3501031701
3501031701
3501031702
3501031701
3501031701
3501031356
3501031701
3501033410
3501031701
3501031701
3501031355
3501031228
3501034800
3501031015
3501031486
3501031016
3501031701
3501031701
3501033420
3501031701
3501031701
3501031701
3501034790
3501031701
3501031540
3501034800
3501031634
3501031460
7700834347
8200901099
3501031701
3501033420
3501031540
3501031530
3501031227
3501031701
3501034800
3501031016
3501031540
3501031530
3501031227
3501031701
3501031530
3501031701
3501031701
3501031610
3501031701
8200901099
3501031701
3501031701
3501031701
3501031701
807210007R
8200901099
8200901099
3501031702
3501031702
3501031702
8200485202
8200038151
7700834346
3501031700
3501031700
3501031700
3501031703
3501031700
3501031703
3501031703
7422189861
5010301994