7700802027
3501037800
8200291145
8200291145
8200291145
3501031365
3501031357
3501031358
3501031702
3501031364
3501032650
8200017904
3501035370
3501031702
3501031702
5010468940
8200075940
3501032670
3501037810
827209091R
3501031701
3501031701
3501037810
807207012R
3501033410
807203293R
807215326R
3501031610
3501031610
3501034270
3501033420
3501033420
3501037800
3501032650
3501033420
3501034270
3501035140
3501031540
3501034270
3501033410
3501035370
3501037820
3501037810
3501035370
3501031701
3501035370
3501037820
3501037810
3501035370
3501037790
3501037800
3501035370
3501037810
3501037820
3501037810
3501033410
3501031357
3501038600
3501031365
3501031530
3501038600
3501031365
3501031702
3501031701
3501031701
3501031701
3501031702
3501031702
3501031701
3501031701
3501031701
3501031701
3501031702
3501031227
3501031610
3501033420
3501033420
3501033410
3501031701
3501031701
3501035370
3501031228
3501031228
3501037060
3501031015
3501031015
3501037810
3501034790
3501031701
3501031701
3501031701
3501031701
807210008R
807200008R
807203293R