0986479446
402020003R
8200688880
6001548578
6001548578
7700800002
7701204295
7701207357
7701207897
0986479743
0986479198
0986479552
0986479209
0986479198
5010260604
402060002R
6155210011
6155210011
6155210011
6155210011
432006506R
0986479714
0986478745
6155210014
7701206831
6001547684
6001549211
6155210014
6155210014
6155210014
8200688880
7701206673
0986479209
7701207897
0986479446
7701206339
432000367R
8200244108
7701208848
7701210081
0986479717
432000367R
0986479717
7701207795
7701204296
7701208848
8200007121
7701208848
8200007121
7701472838
7701472838
7701205228
0986479714
7701208130
7700314064
6001547684
6001549211
0986479551
7700756572
8200381148
432001539R
0986479743
8200688880
7701205653
6001548578
7700780078
7701204294
7700716947
7701204285
7700716947
7701204285
8200244108
432006506R
7701207823
7701206327
7701207897
0986479555
0986479556
0986479556
0986479556
0986479556
0986479556
0986479556
0986479556
0986479556
7701207357
7700800003
7701204296
6001547683
7701208252
0986479209
2403240171
2401240223
2401220270
0986479108
2401280134
0986479342
0986479714
2401240253
432006506R
432006506R
7701472838