8200306031
8200298946
280239732R
8200392087
8201140808
8200451901
8200461378
319599737R
8200306435
8200029342
8200306033
8200298946
8200207135
8200207135
8200316856
8200029726
8201044237
8200315963
8200526898
8200298946
259900004R
282758909R
8200481867
6025410515
8200525385
237105093R
8200192469
8200179416
8200481863
8200262385
200943288R
8200292068
8200652285
285254514R
285256608R
6025316604
8201044235
8200652286
8200249128
280600006R
8200309693
8200780018
5010485057
7421522732
8201077405
285259902R
280246043R
7420758804
8200007513
8201044235
8200309689
280230016R
8200029342
8200306033
282758977R
282759572R
8200351182
8200374951
8200451901
8200315957
8200316856
985106142R
8200584665
8200192469
8200606825
266029600R
8200525385
259759661R
8200483186
285251038R
6025316604
7822441542
259908413R
8200606830
0263004898
8200924109
8200213231
8200652287
259902656R
285259902R
8200343732
8201044235
8200606826
8200481867
8200192469
169107893R
7700311235
8200200106
285252940R
8200306435
8200096841
8200780021
8200780025
8200780007
8200780018
8201077405
8201077405
8200351186
8200192469
8200179408
8200213234
8200206771
8200213234
8200258551
8200292640
8200367241
8200292640
8200367241
8200306435
8200433200
6025407303
8200305575
8200525386
8200292640
8200306434
285252832R
8201044237
8200870483
8200652284
8200357328
8200309690
8201054119
8200870483
8200292640
8200481778
282758977R
407211095R
281159066R
8200780033
8200246184
8200536201
285902325R
8200780028
285906994R
5010466930
8200190295
8200387290
271206395R
8200530967
0263004998
8200292068
285900750R
7421427022
0486106138
3200029340
285251150R
259671389R
8200530970
8201029399
7420880230
5010614376
7421720099
8200309690
285258631R
285257555R
8201077402
237102265R
8200096831
8200652287
8200528485
8201044237
8200004201
285903948R
8200249128
4285253206
8201068829
5010457109
8200343734
285259696R
282755767R
8200309016
7421313713
282752235R
8200523721
285255408R
7700844810
7700421261
319592125R
282755265R
8200433198
8200652286
8200481866
8201044238
285252736R
243800010R
282752235R
6025410516
285903089R
282752235R
8200652285
8200200780
285259902R
488103594R
271206395R
8200306033
7700823112
8200534446
8200306033
8200306033
8200346814
8200309033
8201054129
8200096831
259675052R
8200029339
8200262050
8200141161
8200481866
8200607608
8200300703
8200103749
8200343732
8200306032
8200190270
8200096831
8200530976
282755265R
7703297184
285653130R
8200063350
282755265R
8200403415
285253206R
8200262385
8200742631
8200306032
8200306032
8201044237
8200148810
8200234045
7700429664
9663798380
8200309690
8200607606
8200029340
7703197962
8200413977
8200206769
7700427845
7703197962
8200306434
8200447514
8200306033
8200500348
6025410515
6025406607
8200306032
0263004999
259903516R
0263014046
8200497361
283467680R
8201044235
8200742631
0263014121
283467937R
282759572R
285900750R
110679886R
285907043R
8200412548
8200924038
8200200106
8200234046
5010614550
8200065817
8200351182
8200924039
8201068830
282757006R
285257555R
8200636729
8200546983
8200278721
8200214498
8200851165
8200780021
985100475R
985105229R
8200636729
283468105R
283468105R
0263004999
8200528485
282759572R
8200455424
472506154R
280610854R
6025408262
8200412548
8200497361
8200309693
8201015177
8200874481
343501820R
2852577459
259901799R
8201077405
820144882R
8200924038
0263014001
283467680R
8201054129
284504445R
4614700020
8200455424
8200660168
8200530970
8200306033
8200790995
5010415003
8200190276
8200306032
8200283817
8200033521
8200103749
0261204417
7700744410
285150615R
8200306032
8200343732
8200029340
282758977R
8200213234
8200004201
8200346815
7700411319
8200300662
259903681R
8200309046
8200283815
8200316856
9065453401
8200481866
8201029399
5010564101
8200316856
8200636729
8200958328
8200306434
8200306433
283468105r
8200305575
8201044237
8200584665
8200306433
8200029340
8200306435
8200309691
282757006R
8200261824
285254932R
8200315964
8200463739
8200305575
8200004201
8200315964
8200261817
8200660167
8200141163
8200534447
8200300703
8200300703
8200213234
8200309689
9664058780
8200357327
8201077405
8200481866
8200522853
8200374951
8201077405
8200262051
8200029726
8200652285
8200306436
285252071R
8200412548
8200958328
8200215216
8200412548
8200306435
8201077402
8200150549
8200207139
8200305576
284360168R
282754458R
285253206R
8200780028
7700114502
283466187R
8200343732
7700865827
8200292040
8200029340
8201077402
8200481863
8200028833
8200292040
8200742631
8200584661
8201054129
282755265R
8200103749
0281013505
8200924035
8200220680
8200262050
8200528485
8200309689
8200641490
8200753616
8200870483
8200811816
8200383478
8200306433
8200742631
8200742631
8200392087
8200306032
5010564101
0281001934
8200606328
8200652285
0281011276
8200305678
8200780028
8201140808
8200306434
8200652285
8201044235
8200367246
8200309693
8200433197
8200525386
8200481866
7703297786
8200433200
8200874481
8200029343