7701472838
0986478758
7700800002
7701205844
7701208230
7701206845
7701208252
6001547683
0986478105
7700756572
7701207897
2401240191
6155230017
6155230017
0986478273
0986479723
8200007121
0986478276
402066300R
7701208230
402060003R
0986479716
0986478757
7701208230
432000367R
6155230017
6155230017
0986479552
402060003R
7701206029
7701206328
0986479198
0986479743
7701206614
0986479714
7701209839
7701208849
4154210412
0986478745
7700302128
7701472838
7701472838
7700802232
7700805148
7701204303
0986479165
0986479723
0986479723
7701208849
7701210081
2401220270
7700780078
7701204294
0986478105
7701204499
7700802232
0986478105
6001548578
0986479165
6001548578
7701205653
7701207823
2401080114
0986478105
7700314107
432067943R
7701206328
7700756572
7701204286
7701204293
7700780077
7700314107
7701206327
7701206327
6001547683
8200244108
0986479108
7701207823
8200244108
432102069R
7701208230
7700802232
7700841563
6001548578
7701205653
0986479714
7701207823
7701204286
7700756572
2403240158
0986479743
2401240222
2401280242
0986479198
0986478745
0986479343
0986479716
7700314107
2401120155
7701208230