8200307447
8200037443
7700418919
7700414694
7700418919
7700418919
7700414694
7700418919
6001546127
7700840042
7700414694
7700414694
7700418919
6001546127
6001546127
6001546127
6001546127
6001546127
7700840042
7700840042
7700840042
7700840042
7700840042
7700414694
7700414694
7700414694
7700418919
7700414694
7700418919
7700418919
7700418919
7700414694
6001546127
7700840042
6001546127
7700840042
7700414694
7700414694
7700414694
7700414694
7700414694
7700418919
7700418919
7700418919
7700418919
7700418919
7700418919
6001546127
6001546127
7700840042
7700840042
7700414694
7700414694
7700414694
8200404460
8200084125
7700416066
7700834762
8200404460
8200084125
7700416066
7700834762
7700830227
7700830227
7700830227
0265006735
8200446282
8200184210
7700832772
7700832776
8200084126
7700416064
7700834762
7700834761
0265008923
0265008923
8200296570
7700429113
7700432800
7700832778
7700830227
7700416066
8200675274
8200675274
7700416066
8200675274
7700429113
479109860R
7700414694
7700414695
8200184209
7700414695
7700418919
7700414694
7700418919
8200033016
7700414695
7700414695
7700414695
6001546127
7700840042
7700414694
6001546127
7700840042
7700418919
7700414695
7700411745
7700411746
7700414695
7700414695
7700414695
7700418919
7700414694
7700418919
8200252007
8200195825
8200254687
7700834761
8200186294
7700411747
7700414695
7700414695
7700414695
7700418919
7700418919
7700418919
6001546127
7700414694
6001546127
7700840042
7700418919
7700418919
6001546127
7700414694
8200675274
7700414694
7700830227
7700425250
7700414695
8200084128
8200274800
7700832777
8200296571
8200195825
6025303224
8200547283
7700313681
7700411745
7700418919
7700418919
8200274801
7700834761
8200539280
7700411747
8200446282
8200752605
479500005R
7700313681
8200483837
8200084125
8200296570
8200416683
0265007527
7700823427
8200254688
7700425250
7700425250
7700425250
7700425253
7700418919