0986478273
402060003R
7701207823
0986479343
7700756572
7701204286
6001547683
8200123117
7700805006
7701204302
7701208252
6001547684
6001549211
7701209839
7701204296
7700800003
5010260603
0986479724
0986479682
0986479199
7701206845
8200007121
7701206614
7700302128
7701205842
7701206845
0986479724
8200688880
402060002R
7700314064
7701207611
0986479716
8200688880
7701207897
7701207378
7701208130
0986479724
7701472838
7701206831
0986479716
0986479144
7700314107
6001548578
7701205653
432006506R
8200123117
7701208252
7701204901
0986479165
7701206339
7701204304
6001548578
7701206339
0986479165
7700756572
7701204286
0986478273
0986479714
0986479316
7700756572
7701204286
7700800003
7701204296
5010260603
7701206846
7701206327
0986478745
7701206846
7701205840
6001548578
7701205653
8200244108
7701204285
7700802232
7701204300
0986479682
2401240224
2401220267
2401280182
0986479552
2401240191
0986479199
2401260158
7701208230
2401240221
2401260163
2401240169
7701204286
0986478744