8200473744
8200414422
8200153945
8200095416
8200527725
0281012589
8200726887
8200181482
0281012589
8200527725
0281018497
8200309316
8200091432
8200417597
8200124318
7700112609
8200031653
8200095416
0281018497
8200065817
7700102267
8200374254
0281011324
243800005R
237107384R
8200206670
8200123485
8200129109
0281001809
8200326395
8200326387
8200601334
0281001810
103722102R
8200123939
8200153837
8200162378
8200059086
8200061273
8200044437
8200153945
8200214973
8200080285
7700870572
7700107002
8200513076
8200582518
0281014208
8200189312
7700115097
8200520036
8200843713
8200181482
8200254494
7700115097
7700102303
0281010320
8200509552
8200509516
0281001969
8200206670
8200310863
8200020950
8200513076
8200582518
0281012770
8200481866
8200726880
8200391966
8200527713
8200528372
8200311550
8200108408
8200162378
237100131R
8200498188
0281011549
8200311988
0281030577
237102265R
8200181482
8200262881
8200414422
8200056873
7700110471
8200048297
8200278376
8200045893
8200214973
8200080285
0281016807
8200326395
8200035709
8200044443
6025408262
7700112763
8200766462
7700737453
7700738059
8200208997
169107893R
0281011356
8200153946
8200153837
0281012237
237105499R
7700114970
7700114854
8200453261
7700114970
8200230514
8200695968
8200414422
8200911560
8200726880
8200180846
8200069300
0281019325
8200527713
8200309316
0281011324
8200044443
8200044437
7700112767
7700115098
8200035702
7700115160
8200153946
0281012770
8200024667
237100131R
8200056873
7700110471
0281033119
8200051608
0281010632
8200326391
8200546935
237102747R
0281019325
8201448824
0261206143
8200046214
8200124318
8200522357
8200024667
237104833R
8200150542
7700111549
8200035705
7700870794
7700747899
7700858450
7700875746
7700115799
0281018497
237101754R
0281013505
527000002R
243800005R
8200458276
9639458880
8200038888
7700868188
8200112119
8200646029
8200541450
8973835013
7700737453
7700738059
8200440290
7700863583
7700868316
7700869355
7700871988
7700868188
8200112119
8200044437
5010201469
8200191703
7700857526
8200206670
8200048297
8200310863
8200069290
8200298457
7700114504
8200607618
5010284082
8200509516
8200272410
8200211611
0281010501
8200118521
8200059086
8200780007
8200793109
0281019075
8200471073
7700864458
8200915768
8200461733
7700864449
8201054119
7700114970
7700110471
5010454367
8200181482
8200981816
7700863478
0281011356
237102213R
237100668R
7700850439
0281016227
0281013366
7700112436
0281011549
7700114875
8200911560
8200044453
8200527713
8200331477
8200309910
0281001766
7700115160
7700115597
7700110531
8200109024
8200153834
8200046495
7700860316
7700860923
7700311656
8200291947
7700736391
7700734611
7700860319
7700860290
8200181482
8200262881
0281010297
0281013366
8200601334
8200785132
8200509516
8200035891
8200864324
8200755773
8200309691
8200444583
8200272464
8200264679
0281010787
8200035702
7700110471
0281017613
0281010769
8200184294
0281001999
7700104407
8200024667
237101495R
8200789222
237104736R
8200149444
8200123939
169107893R
7700112767
8200780021
8200124320
8201127198
8200326395
8200046740
0281001934
8200406058
8200108405
7700108814
8200209266
8200052418
237106319R
0281032811
237101454R
0281014546
8200652285
7700112436
8200394692
8200399038
8200310863
8200391966
8201044237
7700102863
8200621762
8200108411
8200652285
7700108493
7700105560
8200123939
8200331477
7700864454
8200504593
8200399638
8200391966
0265101018
7700115096
8200303623
8200129109
0281010501
8200118521
8200049304
8200646025
8973531864
8200541450
7700113488
8200399038
8200199718
8200085921
0281010502
237101505R
8200391966
7700112436
7700868318
8200401568
8200412548
8200611648
8200509516
0281010044
0281001877
7700110531
7700107343
8200035891
7700868295
7700104718
8200981816
0281010297
8200153840
8200153834
169107893R
8200162378
0281011890
8200498188
0281012568
8200497214
8200102371
7700110938
0281011814
8200462452
0486106004
8200669964
237109221R
0281015323
7700868294
7700111203
7700111201
8200246734
0486106004
8200069287
7700115496
7700105954
8200102371
0281016227
237100323R
8200181482
8200285314
237102747R
8200298457
237101358R
8200780018
8200669964
0281010481
8200057536
7700113864
0281001590
7700107258
7700868305
0281011814
8200035692
7700110471
0281010077
8200035705
8200059086
0281032885
237106319R
8200035705
237100121R
7700109621
7700437090
8200391966
7700115097
237100718R
0281016228
237100323R
8200212352
8200621762
8200331477
8200412258
7700875745
7700103718
8200911560
237106319R
0281033119
8200334419
8200426446
8200181482
237104145R
8200023511
7700745989
7700863539
7700114968
8200220685
8200056873
7700114968
8200339743
8200214973
7700109050
8200331477
8200284277
8200001476
8200230395
8200022406
8200092142
8200069289
8200028833
5010422381
0486104102
8200039797
8200091517
237101312R
8200399038
8200035702
0281010632
8200051608
7700115210
8200069300
8200331477
8200250664
8200259803
8200242405
7700114696
7700105560
8200623620
237101312R
237101693R
8200726880
8200150549
8200882381
8200024377
7700860319
8200331477
7700112444
8200033337
7700868294
0281014360
8200150549
8200774747
5010412379
8200259934
8200140057
7700868318
7700103799
7700105955
7700114875
7700740747
8200164240
7700108814
7700112451
8200389519
7700115597
7700113511
7700115157
237101495R
8200108408
8200118522
8200085921
0281010502
7700112451
0281014546
8200305381
7700111151
7700868294
0281011549
237061608R
8200092142
7700868294
7700111203
259900333R
7700870572
7700868318
8200230514
8200035706
8200148810
0281011275
8200331477
8200469335
7700105560
7700109050
8200033891
7700867270
7700110936
8200647195
8200118523
8200090112
6900000312
7700109050
8200061272
237106319R
8200462452
0281011549
8200059086
8200150542
8200522357
8200249129
8200565863
8200024376
8200206670
8200181482
7700875745
237104091R
237101989R
0281001809
8200150549
7700115802
7700112875
7700105560
4460043140
8200207499
8200090295
8200061269
7700112873
7700105560
7700112836
8200029554
7700105560
237100120R
8200471073
8200882087
0281010481
0281010502
8200055742
0281010077
8201077701
7700875745
8200150549
7700115802
8200162378
237103353R
0281010481
8200164131
8200080285
0486106024
237104736R
8200310863
7700114503
8200911560
8200331477
8200355859
7700110372
8200020959
0486106004
8200031653
8200033337
7700110938
8200046162
280632549R
7700110372
7700112340
0281010769
0281011530
237101029R
8200312426
8200300662
8200780018
0281010632
8200118526
0281010077
0281010483
8200440290
8200766462
8200150542
7700111549
7700114504
0281030439
237102213R
237109375R
1265106181
8200211711
7700111342
8200142883
0281011356
7700104481
0281010502
8200197464
8200109025
8200150549
7700102202
8200123483
8200129063
8200246734
8200246732
8200024377
0281011969
0281011390
8200035891
7700114503
7700115160
0281010819
8200793109
237105748R
7700114969
7700110938
8200045893
8200283924
8200153834
237109221R
237105499R
8200783539
8200090112
8200331477
8200355859
0281010784
8200091432
0281019889
7700115207
285250815R
0281012996
8200520036
8200525385
8200059086
8200142883
8200045893
237105748R
237100668R
7700102299
7700105955
7700114875
8200061281
7700113421
169102698R
8200211711
0281012997
0281011814
8200740896
8200156879
7700859558
7700115098
7700110471
8200034948
7700110261
8200303626
8200129534
8200167410
7700110261
8200064017
8200020950
8200064017
8200303626
8200129534
237100875R
237101689R
0281013505
8200520036
5010271166
237101495R
237100669R
237101353R
8200298699
8200038888
7700860319
7700113421
8200124318
8200200622
8200140058
8200504593
8200461733
8200150538
7700105954
7700868300
7700111207
8973531891
8200543319
7700736391
4460553110
0265150328
7700742851
7700862150
0281015781
8200061273
5010457367
7700112075
8200331477
8200374168
8200061273
8200044437
8200039569
0281010483
7700106183
8200412549
7700113488
7700103418
7700112443
7700112608
237100323R
8200211726
8200209266
8200052418
0281001877
5010201469
8200937869
8201119647
8200374247
7700311655
7700311739
237105748R
8200305783
7700108489
7700868295
7700864454
7700103716
7700874432
7700874639
7700113251
7700106070
8200711326
8200438381
8200400246
7700746044
7700744412
8200331477
8200389169
7700874129
7700108598
8200391966
0281011776
8200024376
0281015781
8200774747
237103353R
7700112075
7700868293
8200046482
8200035706
8200331477
8200374301
237103352R
237104736R
8200331477
8200355859
7700112451
8200250662
7700875744
7700850440
7700271113
8200331477
8200374301
7700861024
8200033679
8200406058
8200400246
8200187028
8200153834
7700875745
0281010556
8200153946
0281011571
8200309318
7700108811
8200036523
7700875745
7700111891
281152239R
7700115496
7700105954
8200046482
8200254240
8200303619
0281011276
8200305678
7420569216
5010614550
8200331477
8200355864
7700112451
0281001878
7700110649
7700109062
0281010442
8200126983
8200049306
8200783095
7700105560
7700107196
7700107250
285903438R
7700113421
8200149673
8200044437
8200606828
237101505R
8200056873
7700110471
8200331477
8200374168
8200574058
6900001135
8200033891
7700860316
7700105985
8200804775
8200542288
0281012199
8200331477
8200355849
8200284277
8200129063
8200284277
8200129063
0281010297
8200048297
7700114503
8200303141
0281011148
8201199711
7700103191
7700868295
8200331477
8200374153
0261204416
7700868308
7700110149
8200109025
0486106024
7700860309
7700115097
7700860319
7700868294
7700112787
8200036523
7700105559
7700114020
8200565863
0281012185
237103352R
7700103919
7700105560
8200327655
7700115802
8200755773
237101074R
8200109017
7700114504
8200108408
8200102371
7700861413
7700870049
7700112436
7700864449
8200351183
8200103749
8200043240
7700112440
8200272410
8200272406
7700114873
7700105954
7700851739
7700851633
8200399038
8200813185
8200116535
8972406917
8200283924
8200242405
0281011725
8200309318
7700105153
282780608R
8200399038
8200619409
7700105024
7700868295
5010271011
7700110427
7700868294
237103353R
0281010142
0281011103
4104150050
7700102887
7700111689
7700113488
7700103418
8200102371
8200033679
8200804775
5010415051
8200374265
8200324478
0281001877
8200041428
8200162378
7700111874
7700113422
237101478R
237103353R
8200108408
8200212352
8200140058
7700875745
7700875745
7700875745
7700103718
7700850440
8200212352
8200140058
0261206143
7700861024
7700871984
237102066R
237100669R
0281010044
5010284775
8200069287
0281010483
8200035706
8200334419
8200326498
8200310863
0281011390
8200331477
8200474008
8200376474
7700114876
7700111549
7700108813
0281011101
8200522357
8200331477
8200153946
0486106021
8200019537
7700113935
7700104956
7700109745
7421427023
8200659536
7700860924
7700872650
8200055730
8200059878
0281001995
8200851165
0281010784
8200059086
7700109049
7700105560
8200044453
0281010143
7700114659
7700113283
0281011390
0281011725
8200309318
7700113251
7700745989
7700863539
8200331477
8200389169
7700745990
7700744407
237100669R
7700874432
7700874639
7700745988
0281012997
7700874432
7700874639
0281011723
0281010556
7700745983
0281010633
8200051609
7700868188
7700109866
7700864585
7700864601
7700861423
7700873360
8200061273
7700180455
7700844813
7700115161
7700113511
8200606826
8200310863
0281011549
7700112836
0281014360
8200059086
8200311550
0281010320
237100055R
0281014646
7700425373
6900000057
8200937869
8200700695
9639458880
8200038888
8200061272
7700870572
0281011030
8200218613
7700867270
8200020958
7700115207
7700110471
8200324478
8200374281
8200331477
8200374302
280389917R
8200029342
8200055730
282757724R
8200331477
8200374153
7700105955
7700114875
7700105954
8200057151
0281010143
8200059880
7700113283
8200078730
237102066R
0265101018
282759718R
7700749946
7700102299
8200111211
8200038888
7700875745
7700114982
7700105955
7700114875
7700105955
7700114875
8200522357
8200461733
8200055730
0281010442
8200141954
8200049306
7700105979
237101495R
0281011101
237103317R
8200149780
237102928R
237100121R
5010143869
0281014354
7700868188
7700860924
7700872650
7700103969
7700869295
8200334419
8200414354
0281011148
8201054119
237104736R
7700112787
7700111891
7700108571
7700104956
8200911568
237101074R
0281019075
8200046162
0281013506
8200036523
0281014646
8200513076
8200767242
5010271166
8200029556
7700105560
7700868300
7700110257
8200065772
8200522357
237100120R
237100943R
6009371001
0281011275
8200331477
8200422790
8200019649
0281010077
237101478R
8200046214
7700112787
7700868294
0281001995
8200059878
0281010786
8200019659
0281011725
8200309318
8200055742
8200108405
7700110689
5010284082
8200283811
0281010788
8200049304
8200195750
103717108R
0281010044
8200843713
8200498185
8200623251
8200029559
7700113511
8200394105
8200272204
8200212352
8200140058
8200055742
8200331477
8200422790
5010415050
8200055742
7700864601
0281014457
7700102904
5010614550
8200059086
8200726880
237100120R
237100627R
8200056873
237105499R
237100307R
8200056873
8200024377
8200019659
8200180595
0281011549
8200019659
0281011275
8200391971
5010284082
8200331477
8200374298
7700113422
7700114503
7700114502
7700108452
7700105560
7700108440
7700867270
7700103798
8200305783
8200052418
8973804200
8200453233
8200050919
8200069289
8200064263
8200606828
8200331477
8200389046
7700114022
8200331477
8200374247
7700113251
8200292067
8200937869
237100131r
8200513076
8200767242
7700860319
7700102267
8201112294
8200911560
7700103969
7700869295
8200355851
8200331477
8200981816
7700744869
8200108405
0281011148
8200311539
8200326395
7700105980
282757437R
8200909666
8200035715
7700113422
8200355851
8200331477
8200035705
8200044437
8200035705
8200024376
7700115096
8200047476
237101907R
8200310863
8200305575
8200244961
8200129109
8200256858
237100914R
8200061281
0281010297
5010142738
8200305678
0281011275
7700115401
7700108455
7700868295
7700108442
7700112763
7700112791
8200033679
7700102989
8200343846
5010231646
0281015781
8200123483
8200129063
8200306433
8200565863
7700108453
7700114022
7700103716
7700861419
7700871826
237100120R
237103353R
237100121R
237100425R
8200513076
8200767242
0281011276
8200305678
7700112875
8200069290
7700112929
7700868294
8200312426
8200069290
8200565863
8200204643
7700868295
7700104703
7700104718
7700110471
8200096840
0281001766
8200095416
4460553040
7700868316
8200259832
8200264698
8200020950
8200399038
8200619409
8200647195
7700104484
8200143809
7700111770
7700107414
7700868293
7700851755
7700749946
7700862148
7700853733
7700864506
0261206152
7700864456
7700105955
7700114875
7700853733
7700863564
0261204012
7700864456
7700103195
7700868295
7700851756
7700863557
7700105954
8200057151
8200676160
7700851755
7700862136
7700858672
0281010788
8200049304
8200155523
8200331773
8200108411
8200592611
0281011324
8200309316
0281001805
237102747R
7700415565
8200461733
0281010481
5010437363
7700114876
7700105954
7700115496
7700102904
8200028833
8200065772
7700105560
8200059086
7700112445
7700112606
237104736R
8200059086
8200909096
8200284277
8200129063
8200031655
7700868294
7700112338
8200944930
8200069300
8200310863
7700860319
5010583063
472501969R
5010415051
7700111230
7700110398
8200148684
8200090293
8200228550
8200264013
8973192822
237101478R
8200061281
7420848526
7700864585
7700415565
0281010556
8200033337
7700868294
8200031656
5010143648
5010143622
4104150050
5010415045
7700113422
7700110471
8200287269
8200309690
8200391966
8200513076
8200582518
7700113502
285254932R
0281030439
237102213R
8200461382
8200076093
237103352R
7700115098
237104376R
9647640880
282752028R
237105171R
8200188917
7700112763
8200046162
237101074R
5010583063
8200527713
8200660167
8200660167
8200527713
8200059086
8200334540
8200028833
237104145R
0281012659
8200735819
7700108493
8200139619
8200527713
8200660167
8200660167
0281012770
8200164240
8200212345
0281010784
0281011940
8200164728
8200059086
8200513076
237101454R
237100033R
285259902R
8200311539
237103352R
8200334419
0281030973
0281011275
8200305678
8200164728
8200726880
7700114850
237100131R
285254932R
8200565863
0281001810
7700107088
8200911560
7700114850
7700114850
7700874129
8200814472
8200399038
8200109732
7700110475
8200326380
8200108411
8200207499
8200483186
283464084R
7700107694
7700102990
0486106004
8200019639
8200274277
8200187028
0281010482
8200126462
0281013075
237101074R
8201077405
0281011530
8200391179
0281011275
8200305678
7700868295
7700108452
7700107197
7700108455
7700108812
8200187028
8200153834
7700115098
8200019659
7700112451
8200116535
7700104407
0281014360
0281010783
237101505R
8200326391
8200331477
0281019148
7700112787
8200242405
8200326391
8200935115
237102071R
0281001995
7700113281
237105821R
237109010R
7700106071
7700114850
8200399038
237101495R
8200911568
8200522357
7700112338
8200399038
8973192824
0281001934
8200513076
7700111151
8200298457
8200565863
8200911562
8200582518
0281001934
8200055730
237101454R
8200513058
0281012769
8200391956
7700110372
0281015781
8200726880
0281010442
7700102303
8200775316
8200331477
8200374153
8200180595
0281011432
8200311550
7700115097
285259902R
0281010143
8200059880
7700113283
8200149442
8200041428
7700110261
8200205833
8200191782
7700115207
8200212348
8200108405
8200044437
8200331477
8200355859
237100131R
0281010769
8200184294
8200355864
8200726880
7700107258
8200298463
7420554487
7700112836
7700112873
8200274277
7700103417
7700110708
0281011814
8200462452
0281001934
8200334419
8200374152
237101353R
0281010633
8200035891
8200498185
8200469333
8200043240
8200198592
8200525385
8200047476
9641606980
8200024377
237100120R
237100627R
0281019147
237102213R
8200724338
7700114970
7700112451
7700112440
8200298690
8200331477
8200355857
8200153840
7700874128
7700106099
7700112767
8200403822
8973192825
8200695968
8200391966
7700114697
7700114699
0281010297
7700113422
0281010299
8200108405
8200046214
0261206143
8200136328
7700114022
8200331477
8200355861
8200726883
0281015323
8200046740
8200417597
8200019659
8200035891
8200029340
8200520036
8200108408
8200981816
0281015676
8200522357
2371000345
2371000777
6025312692
6025312692
6025408262
7700109049
8200672654
8200047493
7700115098
7700113502
7700108813
8200204643
0281001766
7700105952
8200023511
0281010483
7700102299
7700868294
7700110427
8200793109
237100348R
0281011254
8200236624
7700103966
8200498188
8200626634
8200498188
8200626634
7420753000
8200438381
0486106078
8200774747
7700114970
8200072538
8200774747
7700111772
7700112767
7700108811
237101620R
237101074R
0281019075
7700875745
8200406058
8200473744
7700105985
237105748R
8200387138
7700875745
8200019659
8200565863
237104091R
237101206R
0281011725
8200309318
7700104718
7700868295
7700103794
237109221R
7700104956
8200129458
8200045893
8200374265
8200324478
0281014351
8200688494
7700108814
8200164131
0281011969
8200311539
8200069300
8200212348
8200222917
8200142883
8200045893
8200046482
237100875R
0261204012
7700864456
8200334419
8200414354
7700852357
8200937869
8200153997
8200652285
8200513163
8200023511
8200310863
8200244961
8200129109
8200498185
8200623251
8200399038
0281016228
237103606R
237109221R
237105499R
8200035891
8200311550
8200092142
8200440290
8200019639
0281010297
8200326741
8200059086
7700107258
8200069290
8200334419
8200326910
8200331477
8200389169
8200059878
8200019634
7700873714
8200148659
7700856312
7700866431
8200109024
7700110372
8200020956
8201051836
8200953529
8200149442
8200023511
0281015676
237100966R
8200019634
8200326391
7700102267
8200222352
7700864295
7700871981
8200374301
7700102299
7700863478
7700111201
7700868294
8200213234
8200190293
8200414422
7700868294
0281010637
8200051260
0281001999
8200036523
7700102261
8200020950
7700114696
0281030899
8200911566
7700115210
237100055R
8201077406
8200331477
8200374174
8200214122
8201044238
7700860340
8200527713
7700860340
0281001810
7700110646
7700107088
8200074331
8200031653
0261204416
8200019639
0281010320
0281014546
7700102303
8200343733
0281010798
7700115097
0280218079
8972410832
0281010980
7700107708
7700868295
7700114873
7700105954
0281011325
8200047494
0281010819
8200522357
8200035705
4460553110
8200513163
8200399038
7701044537
7700856784
7700109205
7700105560
8200023511
7700113510
0281010143
8200023511
7700113510
237100345R
7421067823
8200527713
8200660167
8201044237
8200309693
169107803R
8200726880
0281014354
0281011102
8200513058
8200603070
8200112661
8200078496
237109221R
7700114850
8200565863
0281015781
7700112451
237101478r
7700850439
8200793109
0281001810
7700110646
7700107088
0281014351
8200688494
7700115496
0281010798
7700115097
7700108382
8200283811
8200309035
8200212352
8200033679
8200326391
7700111342
8200250663
8200461296
8200278378
8200331477
237101754R
8200850657
8200726887
8200353671
8200935115
0281011940
8200483186
8200334419
8200326391
0281011105
8200935115
8200935115
237100131R
0261512918
8200051609
237101754R
237104091R
0281011890
8200091517
8200331447
237101074R
237102860R
8200124318
7700736392
0281012770
8200652285
8200321263
8200387138
8200935115
237109221R
0281001997
237104833R
7700868304
7700112836
8200323683
8200272406
243800005R
8200509516
8200334419
237101370R
8200175016
0281011571
7700109049
8200164240
7700106070
8200041428
0281011549
0281013506
8200399038
8200994248
8200911560
237105499R
8200181482
237101370R
7700873714
0281011529
0281030973
7700867274
0281011106
0281011106
8200935115
237101370R
7700107003
7700107003
237104736R
237100668R
8200501860
259905417R
8201127198
237100307R
8200211711
8200851165
8200700600
8201015177
237102265R
8201054128
0281010785
8200943317
237100966R
285257609R
237103888R
8200334419
8200804775
8200374254
8200331773
8200035692
8200346814
0281014546
237100323R
8200078730
0281001934
237102265R
8200623251
237100637R
8200384398
8200300662
8200309035
8200783095
8200138227
8200235627
237100132R
8200028833
8200958288
8200124320
237100858R
0281013507
8200180595
8200078730
7700102990
0281010556
0281010320
0281017613
8200652285
7700112763
0281010632
8200051608
8200118526
237100121R
8200026138
8200111211
237100293R
8200327651
103717205R
0281011390
0281011724
8200311550
0281001999
8200091517
0281033119
8200394105
8200242405
0281010556
0281011275
7700115210
8200399038
8200181482
0281011390
7700114873
8200851165
7700868443
8200119842
8200606828
8200774747
8200046477
8200331477
237101495R
5010201469
0281001995
0281030439
237106319R
8201044238
237100120R
8201044237
7700109050
8200793109
8200508361
8200298690
8200051608
0261204434
8200090112
7700115161
237100132R
8200028833
237100132R
8200021348
237101370R
237102265R
7700115097
7700873714
8200848407
0281013366
237100777R
8200183770
7700115161
8200214973
8200163528
8200039797
8200882381
8200461733
8200285406
0281012996
8200298457
8200321263
8200061281
8200504593
8200399038
0265150328
8200774747
8200029658
8200029658
8200909666
8200039797
8200911560
0281010118
7700115098
237102071R
8200398934
237103353R
7700102293
8200391966
0261206143
8200565863
0281030899
1758000453
5010271166
5010415050
0265150328
8200509516
0281013506
237101495R
8200303619
0281011390
259906889R
8200911568
7700860290
8200311539
0281010632
0281012770
7700115097
8200091416
8200851165
0281012770
7700115097
8200091416
8200911560
8200911560
8200851165
8200305783
237107175R
0281010783
0281010769
8200263396
8201015177
0281010819
0281010297
8200326395
8200243877
8200461733
8200309690
8200045893
0281012199
0281014354
0281011101
8200153946
8200458276
7700860337
0281013505
237101907R
237105171R
0281011724
8200311550
8200384493
8200334419
8200326498
0281011148
8200843713
0281010442
0281011101
0281011276
7700105559
237101478R
7700103919
7700868295
237100746R
8200334419
237100307R
237101907R
8200305783
8200112119
237100120R
237100627R
8200059086
0281010637
237100120R
237100943R
103717108R
0281011390
0281011724
8200399038
8200619409
8200483732
237100132R
7700108489
7700107708
8200565863
0281016228
7700864454
7700105983
7700867274
8200044443
8200044437
6025313596
8200440290
8200334419
8200374152
7700746044
8200047493
8200334419
0281001766
0281001739
237100386R
8200309690
0260001028
237100668R
237100669R
0281010843
8200331477
0281010556
8200981816
8200498188
8200309316
0281011324
8200059086
8200044437
8200044443
8200793109
237103352R
8200103749
8200334419
7700115210
8200124318
7700105024
8200406058
8201112294
8200110105
0281010320
8200028833
0281012997
7700105955
0261204746
8201117953
8200513163
8201076738
237100132R
8200546938
8200522357
8200522357
237100120R
237100627R
6025313596
237102213R
8200461733
237101505R
8200660167
8200069287
8200783095
9662517180
2371000345
8200843713
0281019889
237102747R
8200309316
7700114970
8200309316
8200783095
8200311550
0281011724
8200606828
8200623620
8200528485
8200044453
8200958288
237100746R
0281032885
8200513076
8200804430
8201119647
8200843713
8200399038
4614700020
237104736R
237101358R
8200259832
8200326910
8200249128
0281011549
0281013505
0281014360
8200207499
8200090295
285254932R
0281010784
8200091432
8200520036
8200163528
8200163528
8200029658
0281013366
8200399038
8200584663
8200334419
0281011530
0281030899
237102265R
237100899R
237102265R
237100899R
8200180595
8200909096
8200311550
0281014360
237100899R
237100899R
237102265R
237100899R
237103575R
237100875R
0281011724
8200311550
8200384493
237102071R
0281011571
0281013366
8200150542
7700111549
237109221R
8200726880
237101907R
237100899R
237100055R
237100899R
8200542288
8200153840
8200123483
237109776R
237109775R
237101754R
237101754R
237102426R
8200080285
237100637R
9678476880
285250113R
8200327655
0281011324
8200044453
8200035891
237109222R
8200509516
8200312426
8200044437
0281011103
8200522357
0281030973
7700114696
8200331477
0281015798
8200164728
8200153837
237102213R
8200909666
0281019147
8200108405
8200207499
8200090295
8200291947
7700108489
237100323R
8200387138
237102426R
0281011101
237100055R
8200129063
0281011776
237108979R
0281013507
8200399038
0281011342
0281014351
237109221R
7420908555
8201112294
8200688494
0281014083
8200509516
8973531864
237100121R
237100425R
0281030439
7700868294
0281011276
8200031655
8200092142
237101754R
7700860019
5077030841
7700112767
7700108811
472501969R
237100348R
8200028833
8201076690
7700105153
7700868188
8200498185
8200469333
8200212348
8200222917
237101907R
8200321263
8200214973
0281010695
0281010532
8200374247
0281011531
237100345R
8200391966
5010271166
0281011549
0281011724
0245451532
8200334419
7700112451
8200207499
8200090295
8200303619
0281001997
0281001997
237106690R
7420569216
8200611648
8200433198
8200047493
7700110475
237102426R
0281010843
8200518396
8200518393
7700864454
8200755773
0281012107
243800011R
0281011571
8000309318
0281011325
8200309318
8200306033
8200283924
8200774747
7700110475
237106677R
8200279459
8200080285
259903516R
283467937R
237100487R
8200298457
8200792976
8200726221
7700111151
237100131R
8200278376
8200029340
7700108813
8200326391
0281014546
0281011776
8200911568
8200398934
8200123939
0281011969
0281011101
8200321263
237100132R
8200272464
8200387138
0263014045
0281001766
8200774747
7700749946
7700860316
7700746044
5010284082
8200047494
237101989R
237101990R
8200911560
8200346815
237103352R
8200843713
8200399038
0281019889
8200843713
7700864476
0201019148
7700863478
0281010178
237101989R
8200334419
8200374152
8200047493
8200911560
237103135R
0281016228
0281001934
7700851755
7700108814
7700106070
8200189312
0281011390
8200214973
8200269493
8200305678
0281011454
7700110258
7700874631
8200937869
237104376R
237102748R
0281019148
8201044237
237100345R
8200958288
237101990R
7700115161
7700113511
237100777R
7700107414
7700868293
8200153946
0281030899
237104376R
237103353R
7700419012
0281015323
8200141158
8200310863
8200234045
7700856311
7700866433
0281011325
237100386R
243756375R
237101066R
8200020958
0281001934
8200206670
8200504593
8200461733
7700816342
7700110708
8200311539
0281011723
8200303626
8200560320
8200309318
8200123939
237100120R
237100777R
8200882381
237100323R
0281011529
8200546983
0281001999
237100131R
8200331477
8200055730
237101495R
8200525385
8200509516
8200399038
0281014354
0281014546
0281001766
8200565863
8200334419
8200522357
8200306434
8200163352
0281018497
8200096841
8200207135
8200242405
237102071R
0281015798
3056784348
8200306033
8200153840
7700860324
7700874631
0281012058
8200124318
8200391966
237100307R
237100131R
9603882780
7700874630
7700864458
7700114354
7700105952
0281001810
7700109622
7700105817
7700868295
7700104701
7700105559
0281001878
8200059086
7700731801
7700856784
7700865815
7700726991
7700723126
8200334419
7700864274
0281001805
8200911562
8200767242
7700736763
7700103794
7700104718
8200033521
237100386R
7700747270
7700749946
7700104481
7700102990
310320036R
282754595R
237102928R
7700107302
7700723098
0261206143
0281011030
243800011R
8200212352
8200652285
0260002603
7700749946
7700104484
7700103966
7700868294
237100777R
8200310863
7700104484
7700115098
0281011103
7700748183
0281010483
237101361R
8200509516
237100914R
237101454R
8200142883
0281011549
8200528372
8200069287
237101495R
8200351185
237102265R
8200461733
7700868294
8200031655
0281015798
7420554487
8200334419
8200141333
8200035702
7700114969
237100131R
8200059086
0281015330
237100131R
8200045893
0281010501
8200118521
8200049304
259900333R
237106319R
0281033119
8201002106
8200334419
237102071R
0281011529
8200036523
7700112767
0281010632
8200169691
0281011549
8200311539
8200303141
8200310863
0281011549
237100055R
8200688494
8200326741
5010577930
8200672654
0281001906
8200453233
0281010044
0486106024
8200453261
8200312426
8200331477
8200184294
9810858380
0281013329
8200091156
0281019148
237105748R
237103606R
0281010044
0281010769
0281010502
0281015798
237100121R
0281001969
8200051608
237100875R
8200096840
8200783095
283464084R
8200509516
0281011275
8200584663
8200398934
8201002106
8200451902
7700115097
0281013505
237102066R
5010415050
0281011529
237101620R
8200029342
8200044453
5010437363
0281010481
8200080285
8200044437
0281011776
0281011549
416516237R
8200028833
8200783539
237101029R
0281012589
8200035702
8200124318
8200374265
8200324478
237101495R
8200601334
0281030973
8200374254
8200282007
8200164240
8200481778
0281017977
8200351184
0281015323
8200283817
0281032811
8200200577
8200206670
0281019889
0281011275
237101454R
8200453233
0281010482
0281011390
7700105983
7700105985
237100131R
285903438R
0281012589
0281030899
237104145R
0281015781
7700110688
0281011723
7700860338
237100293R
0281011724
7700105559
259900003R
8200109025
8200024377
5010415003
7700115097
0261206143
8200520036
0281012199
8200774747
259903681R
237100345R
0281010483
8200321263
8200387138
8200019639
0281014360
237101454R
0281010502
237100345R
0281011102
7700109191
0281011776
8200391966
285252369R
0281011432
8200882381
8200334419
7700102887
8200059086
237100121R
0281011724
8200843713
8200039569
0281010819
7700114502
0281014546
237102213R
237100703R
237100120R
8200163528
8200461733
8200141333
0281014360
237100875R
0281001934
8200755773
8200695968
8200695968
8201077405
8200726880
8200726880
237103352R
7700104483
8200150542
0281015323
0281014646
0281030973
8200059086
8201044238
8200331477
8200181482
0281010483
8200055730
0281011814
8200574066
8200334419
8200374152
0261206143
8200046214
5010231645
0281011724
8201119647
0281011390
0281011776
0281012199
8200851165
237100307R
0281017613
237100293R
0281011549
0281010843
8200095416
0281010297
8200204834
7700105817
8200311550
237101478R
282752028R
8200343733
8200937869
0281010297
285258631R
227904663R
0281014444
8200208997
237109221R
8200471073
237100746R
8200522357
8200334419
8200414354
8200909666
8200565863
8200211711
5010457367
7700105024
237100703R
8200399038
8200513163
237101074R
237101478R
237100914R
237101715R
237102265R
237103956R
8200700600
8200783095
8200056873
0281013366
0281011325
7700104956
8200399038
8200529452
285651321R
237105821R
0281011940
8200311550
8200035715
8200024376
0281017065
0281011549
8200911560
8200525388
8972406922
237100132R
0281030899
8200326395
237102213R
237102213R
7700868315
7700113502
237105748R
0281011275
8200305678
0281011776
0281010769
0281011549
0281012769
0281011530
8200331477
8200565863
0281011776
0281010769
0281011549
0281012769
237100055R
237100120R
8200035692
0281011776
8200783539
237100307R
0281011724
8200311550
8200287269
7421067823
8200726880
8200259832
8200399038
237101478R
8200700600
8200029342
4460553030
8200298164
285904740R
237100120R
243800010R
0281011101
0281014546
0281011571
8200309318
0281011103
0281011969
8200311539
285254932R
0281010819
8200284277
7420554487
7420554487
0281001590
237103606R
8200019634
8200399038
8200046162
285904740R
8200522357
8200259832
237100875R
237101408R
0281011549
282754006R
0281011275
0281011549
0281014354
7700114502
237102213r
237104128r
7700105943
8200911560
8200909666
7700114875
0281011101
282757006R
8200399038
7700110471
237100307R
237101495R
8200755773
0281010189
7700115078
237101478R
237100914R
7700112442
7700112436
7420554487
282754595R
8200399038
8200046495
7700114024
285254932r
7421067823
7421067823
7700102267
282757006R
237100914R
7700112763
0281010481
8200399038
237101495R
8973192824
0281011724
0281019147
237102213R
7700110471
237100293R
8200522357
8200035692
5010415004
8200162378
8200207135
237100875R
8200461733
8200296267
7700107302
237100899R
8200162378
0281012770
7700300625
5010614203
8200283924
8200387138
237100386R
7700746044
0281011529
8201077468
8200044453
8200036523
0281012769
8973192823
237101353R
237103317R
237102213R
0281011432
8200469333
8200278376
7700854160
7700102990
0281013506
8201044238
0281011529
8200498185
7700114022
8200207499
8200090295
237101358R
8200153834
237109221R
237100121R
8200262050
8200334419
0281010633
8200176975
0281015321
8200118522
8200911560
7700106183
7420848526
8200309689
7700114970
7700110471
8973804200
8200724363
5010415003
8200398934
237103217R
0281030439
237102213R
7700108455
7700868295
8200522357
7700850842
7700868299
7700107197
0281010637
8200211711
8200259832
8200264698
7700110427
5010415050
237100943R
237100120R
0281010481
5010437363
0281011390
8200109024
0261207423
0281011776
8200386508
0281012058
8200441820
8200793109
8200129063
8200118526
7700864601
7700875745
237102928R
237102928R
285250292R
8200164240
8200080285
0281014351
237100348R
0281011275
7700112338
237101358R
0281003057
8200046495
8200180595
8200129063
8200522357
237107175R
237100055R
0281011724
8200047476
0281011324
8200214973
8200326391
0281014360
0281011324
237101505R
0281010819
285253924R
237100121R
8200024376
8200028833
0281010632
7700112436
0486104102
8200755773
0281011275
0281011549
7700110471
8200935115
8200522357
8200911568
8200785530
8200376187
8200473744
237105748R
8200334419
8200331477
8200935115
8200522357
8200911568
8200785530
8200376187
8200473744
0281011723
8200311539
8200646025
0281001877
0281011390
0265150328
8200207499
285905719R
8200461733
8200216999
8200334419
8200469340
8200522357
8200331477
8200309910
237100293R
8200303616
8200331477
8200044453
0281001969
7700113863
237101990R
3911022745
8200047493
0281010843
8200473750
8200142883
8200045893
8200856659
7420569216
8200118522
8200387138
8200035702
0281011275
2371010293
8200283924
8200047493
8200242405
8200298463
237102426R
8200187028
0281011776
7420554487
8200085386
8200211726
0281011103
0281030899
8200211711
8200399038
237100914R
0281010633
0281011325
8200305576
0281011030
7700115097
8200044453
9065023348
237101312R
0281010556
7700873714
8200334419
8200259832
0281019148
237102747R
8201119647
7700105983
8200059086
8200044443
8200334540
0281011969
7700115207
8200272464
0281011101
8200163528
8200509516
8200399038
8200259832
237100131R
8200755773
7700110427
8200212352
237101989R
237101990R
8200804775
7700110471
8200483732
8200785132
5010564101
8200004201
237102748R
0281019148
237101495R
8200064017
8200565863
8200495479
8200025769
0281012659
8200387138
8200911560
8200909666
8200303616
7700874631
8200118526
0281011571
8200309318
8200346254
7700113864
8200326395
8200326387
8200522357
7700744412
8200565863
8200334419
8200153837
7700114875
0281011529
8200153997
8200476536
8200326733
8200326391
0281011561
9653958980
9658274580
0281010637
7700864585
8200433200
0281013507
8200200625
8200522357
8200911560
8200909666
8200399038
0281012997
8200677546
8200953545
8200953529
8200882381
8200498185
8200469333
237100875R
285901391R
0281030439
8200091428
0260001028
2800309690
8200525387
8200180595
7700110938
282759718R
8200374247
7700112442
8200300703
237102706R
237103368R
237102706R
237102928R
8200056873
7700106183
237101505R
0281012589
7700311655
8200200577
237102213R
0281001590
237104736R
8200334419
8200242405
0281014360
7700861423
8200298463
8200909666
8200025769
8200522357
8200209265
8200052418
8200527725
0281012589
8200050919
0281010819
8200039569
8200166362
8200522357
0281011275
0281011101
8200391966
0281011325
8200565863
8200522357
0281011324
0281010787
0281012199
0281011776
8200497460
8200565863
8200501860
8200055730
8200153837
0281011148
0281011549
8200391966
8200391966
0281011776
8200623620
8200116535
0281014354
8200504593
8200565863
7700868315
8200911560
8200242405
8200774747
237100131R
8200774747
0281011549
8200310863
8201050678
7700113460
8201229416
7700102294
8200259832
7700115160
8200969856
0281012589
8200228570
8200326395
8200326387
8200191703
237101907R
7700114875
8200969856
7700114970
7700110471
8200381668
285588292R
285580007R
8200153945
8200969856
0281011940
8200311550
0261204697
8200509516
8200504593
527000002R
8200050919
8200054222
8200558438
8200969856
285900636R
8200558438
0281011531
8200491652
7700868300
0261206143
8201044237
285588292R
8200461733
0263004999
259903516R
8200375761
0285001157
8200298457
8200682384
8200389169
8200331477
0263004999
259903516R
8200870481
8200336827
6900000523
8200381668
0265019012
8200461558
285258497R
0281017977
282755793R
8200909096
8200412042
237102426R
237101908R
271206395R
5010614375
271206395R
8200167410
7700110261
8200775316
8973531891
243800003R
282754595R
8201054129
8708115597
0263004442
237109775R
237109776R
8201229416
0281011324
8200309316
0281030899
237104376R
8200558438
0281030973
237102747R
5010143869
8200036523
7700110471
8200964578
0281014354