7701205086
7700805006
7701208054
7700715166
7700800003
7701205845
7700780077
7701204293
6025304073
6025304079
432001539R
0986479760
0986479565
0986479144
7700756572
402020003R
7700780892
432001539R
432000007R
0986479695
0986478113
432064087R
7701207357
432000367R
7701207823
432000007R
6155210029
6155210029
6155210029
6155210029
6155210029
6155210049
6155210049
6155210049
6155210049
7701206614
7701206831
8200381148
7701207795
7700314064
4363201300
4154200101
7701207823
432000007R
0986478305
7700314107
7701206614
432001539R
7700756572
7701204286
7701204297
7700800004
7700800004
7701204297
432000367R
7700780078
7701204294
0986479682
7701207795
7701207823
7701205086
7701207227
6001547683
7701208252
7701206118
7701205086
7700800004
7701204297
7701204901
0986479716
7701207357
7700314064
7701208130
7701207378
432064087R
7701207823
7701207795
7700800003
7701205296
6001547683
8200123117
7701206846
7701204281
0986479552
0986479199
7700715081
7701204283
8200171765
432102069R
7701208230
5010260604
2401260185
0986479668
0986479760
0986479724
432027306R
2401130200
2401260123
0986479144
0986479565
432068231R
432027306R
2401120191
2401280129
7700314107