8200029342
8200129063
8200234045
0281012058
0281011277
0281012658
8200666516
8200391971
8200230515
8200242405
8200283924
8200444586
8200058045
8200527756
0281030577
237102265R
237101989R
237101990R
0281032654
8200207134
8200162381
8200444586
8200331477
8200085386
8200048297
8200124318
7700112338
0281011356
0281014352
8200527713
8200726887
7700112791
8200321263
8200387138
5010550351
8200056873
0281011724
0281013367
8200601334
0281011356
8200149200
5010415179
4614700020
8200242405
8200498188
0281001877
8200181482
8200262881
0281017066
8200635663
8200512582
8200326741
8200055730
0281011890
237107137R
0281030991
237103888R
8200153837
237101353R
7700114576
8200019879
8200214973
7420908555
7420758802
0281014208
8200666516
7700864458
0281013507
8200688494
0281001805
5010412379
237100311R
8200162381
8200195170
488109031R
8200162381
8200195170
8200046482
8200181482
8200229098
237101830R
237100740R
8200278376
8200326391
0281012199
237100409R
0281011390
8200310863
5010415003
0281032654
237106319R
8200035702
8200476536
8200153837
0281032927
237106468R
7700108493
8200309318
0281013907
8200705747
8200055730
8200290629
7700115205
8200181482
8200262881
8200046162
0281013907
8200705747
8200035702
8200035891
8200045893
8200162378
0281017977
7700747899
7700854536
0281010787
7700105954
237101495R
0281015323
8200726880
237105499R
237100668R
8200355741
8200045893
8201011914
237101312R
237101693R
8200078499
8201076690
7700860285
8200303619
0281012568
8200497214
7700112436
8200444586
7420569216
8200331477
8200039797
8200376474
8200047493
8200264679
0281017977
237100899R
8201077701
8200057045
8200057049
8200108411
8200181482
8200153834
8200164240
8200080285
7700863472
7700300496
282757724R
8200181482
8200661124
8200162381
8200278378
8200187013
8200153834
7421067823
8200461565
237107336R
8200214973
8200069297
0486106004
7700112928
7700112938
8200035891
8200044453
8200028833
8200326741
8200326375
7700860337
7700869818
8200109025
8200181482
237100914R
0281019889
237102747R
8200181482
8200169691
8200124318
237102071R
237107343R
0281019147
237102213R
237100487R
4614700020
0281011940
8200311550
0281018132
237100323R
0281011940
8200045893
8200214973
237106626R
8200023519
7700113510
8200470341
8200385921
0281013907
8200705747
8200414422
8200059086
8200044443
8200078496
0281030991
237103888R
8200192124
7700115097
0281014352
8200527713
8200214973
8200392704
0281011432
8200392704
0281019471
8200911562
8200767242
8200181482
8200235099
8200080285
8200720186
237100386R
8200045893
237100637R
8200688494
0281019898
237102747R
8200045893
8200321263
8200387138
0281012658
8200153837
8200527725
7700114576
8200019879
0486104037
5010422382
0281013907
8200279458
7700115098
0281030439
237102213R
0281011723
237103984R
8200705747
0281015994
8200046488
7700112440
237109375R
8200064012
7700863472
7700300496
8200401998
8200384398
237102066R
7700861063
7700850075
7700868316
7700103091
7700105028
7700868295
7700870156
7700870158
0281018132
237100323R
8200250665
8200129534
237101353R
237101370R
8200793109
8200261138
7700110471
8200726880
237103956R
8200200622
8200140058
237103571r
237100120R
237100422R
8200169691
8200061281
237100120R
237100422R
8200109024
8200392704
8200392680
7700101706
237103571r
8200843713
8200209266
8200052418
8200145268
0281035325
8200045685
7700110471
7700850084
7700850841
8200313057
8200851165
8200169691
8200057311
101713105R
7700863472
7700300496
237107314R
8200217414
8200150538
7700105954
8200150546
7700105955
8200621220
8200385924
8200235099
8200087106
7700111131
8200250665
8200129534
7700113455
7700113459
8201011914
8200700600
8200399038
8200619409
7700114968
237101990R
237102426R
7700115205
8200069300
7700113421
7700112451
8200279616
8200278376
7700102632
8200944930
8200700600
8200127789
8200102560
237100173R
7700115210
8200061272
7700864295
5010284081
8200072539
8200057049
8200136328
8200114683
0281012770
8200527713
8200200622
8200140058
8200212344
8200114683
7700874132
7700107004
8200059086
7700114968
7700113502
0281018497
237101754R
8200109732
8200509516
8200374241
8200061279
237100307R
237106319R
8200046162
8200029339
8200672654
8200047494
8200338849
7700115802
237101370R
5010415003
8200374241
8200621210
8200385921
7700115803
7700115802
0281017614
0281015323
5001826814
8200019649
7700105955
7700114875
7700105955
7700114875
8200145049
7700114503
7700113455
0486106078
7700113935
237101495R
7700105955
7700114875
7700105955
7700114875
8200074714
8200726880
8200046495
8200498185
8200469335
7700868299
7700102301
237102706R
8200078499
8200046162
7700114968
8200513058
282757724R
8200150546
7700105955
8200187017
8200153834
8200059091
7700861420
7700861420
5010245948
7700113935
8200461733
8200504593
7700112632
8200207134
7700114968
7700103290
7700105955
7700114875
4460550270
8200035692
0281015781
0281030899
8200059091
8200078499
0281014354
8200044443
8200058540
7700113510
8200058537
7700113510
8200069300
8200046162
8200136990
0281012200
0281011776
8200391966
8200470344
8200385924
7421427022
4460553030
8800661124
7421313712
8200390568
8200384398
0281011890
8200783095
0281013907
8200705747
237106607R
8200164240
8200214974
8200057311
8200412942
8200021797
8200045893
8200039797
237102597R
8200108411
8200036523
8200124318
8200047493
0281030438
8200035705
8200181482
8200336420
8200035705
8200020950
110675590R
8200056873
8200124318
8200164240
8200847131
8200680832
237108770R
0281013367
8200601334
8200479659
8200090295
0281011529
0281030899
237104376R
237104627R
0281011275
8200305678
8200641490
8200189312
0281011105
237103571R
8200072538
8200847131
8200039797
7700863472
0281010633
7700112338
7700114020
8200123939
8200128778
8200162378
0281011106
8200091428
237102426R
8200047473
8200055742
8200384398
237100294R
8200047476
8200055742
0281013366
8200601334
8200631560
8200045893
8200150549
8200212348
8200109024
8200048226
7703297929
8200046488
8200180595
8200461733
8200461733
8200611648
8200288491
8200214973
0281013366
8200200622
8200153997
8200384398
237106677R
237107137R
8200046477
8200069297
237104454R
7700113502
8200057536
7700114504
8200046162
8200056875
7700115207
8200024377
7700114969
8200019633
8200039797
7700112440
7700110938
237103368R
237102706R
8200074714
7700114969
8200136328
8200114683
7700110471
237102479R
237106724R
8200028833
8200230495
8200069301
8200029658
8200309910
8200129109
7700864460
7700109091
0281011254
8200384441
8200050919
8973613881
8200109732
7700114968
8200019639
7700112436
8200026138
8200149442
7700113421
8200114834
8200069289
8200162378
8200136990
237101074R
7700106482
8200035692
7700115210
7700114502
7700114503
8200060344
7700115097
8200061272
7700113251
8200019634
8200169691
8200774747
8200338844
7700111549
8200206670
8200129063
237107314R
237103606R
7700868185
8201011914
7700857528
0281035806
0261206143
8200046214
8200672654
7700101706
7700102632
237101312R
237103238R
0281014352
8200527713
8200047494
8200508361
8200175016
0281013506
8200462452
8200711268
8200473764
8200187014
8200153834
8200120224
8200045893
237102307R
237104308R
237100669R
8200454513
7700108492
7700105560
8200209265
8200052418
8200035891
7700105955
7700114875
0281030135
7700103290
8200056875
237101990R
7700853734
7700862140
8200123939
8200031655
8200843713
8200264679
8200181482
282756479R
8200695968
8200621762
8200264679
237105821R
8200212345
237102265R
8200167416
8200133006
8200044437
237104833R
8200414829
7700115098
7700112928
0281035806
0281019325
472506154R
8200355741
8200909666
8200023500
8200023500
0281011356
8200132198
8200501860
8200376474
0281011254
8200236624
8200181482
8200473744
7700112929
8200142883
8200045893
0281011529
0281011432
8200992186
0281011529
237106626R
8200236624
0281018497
8200911560
0281015330
5010550351
8200162381
8200444583
237109222R
237106468R
0261207972
8200311550
0281011890
8200091517
237100745R
8200162381
8200178931
237103606R
7700114873
0281013366
282754595R
0281014352
0281018497
5010394797
237100307R
0281011529
237102426R
8200570596
0281013664
0281035325
237106230R
0281033119
0281019110
237103352R
237102426R
0281030991
0281030991
237103011R
237107379R
0281014646
8200164728
0281012200
0281019110
5010437363
0281010481
8200735819
0281014646
7700111206
237103984R
0281031363
237109375R
0281032927
0281018497
0281030991
0281017341
0281033119
237100899R
237103571R
281155102R
237103316R
0281035806
237101830R
237100740R
0281019075
8200150549
7700115802
0281014546
0281011531
8200153834
7700863472
0281001969
8200059883
237102066R
0281014546
237109222R
8200461733
8200124318
8200080285
0281014360
237100914R
0281032215
237100644R
237108770R
237103571R
8200124318
0281011890
282752028R
237100233R
237108273R
8200473764
282757006R
8200461733
237100914R
8200783095
8200153837
8200153997
282757006R
237100572R
8200504593
8200509516
8200565863
237107314R
7700845678
8201077701
8200953545
8200735819
0281013505
5010284080
8200882381
0281017341
8200399038
0281012325
8200327651
237101496R
0281013907
0281030991
0281011940
237109184R
237107314R
237106677R
0281030577
237106319R
8200734852
0281013367
8200399038
0281012199
237109375R
8200149444
237103333R
237106288R
7700112875
8200230514
237102479R
8200230585
237108770R
237108273R
237109375R
237107018R
237100584R
0281014646
8201119647
0281017613
0281014354
8200726880
0281017066
237106690R
0281030577
237102265R
0281015781
237103725R
0281030899
8200666516
0281016808
0281010044
281152394R
8201112294
237106933R
237103823R
0281013363
237102597R
237102265R
0281030576
0281014648
237106677R
8200124318
0281014648
8200666516
0281010966
237105171r
8200046162
0281010784
8200278376
0281030577
237102265R
8200306033
8200214973
8200298946
8200230514
8200264679
7420908555
8200461733
7700104484
7700103966
0281030577
0281016331
237106468r
237107894r
237104736R
237103352R
237109221R
237105499R
237109221R
237105499R
7700870794
0281013506
7422105183
7422105183
0486106024
5010457367
237100668R
8200045893
4614700020
237107379R
7700868735
7700872170
0281012658
8200045893
237102806R
237103251R
8200348263
8200129109
8200303623
237102806R
237102806R
237102265R
8201117953
237105093R
0281011532
8200391957
8201117953
8200153837
0281032885
237106319R
8200399038
8200158443
8200045893
7420908555
8200334419
237106101R
8200045893
0281030577
237103956R
285259696R
237107336R
237108770R
237108273R
0281015798
237100055R
8200981816
8200843713
237106319R
237106319R
237106319R
237106319R
0281032811
237106319r
237107632r
7700115161
0281030577
0281030439
237108770R
0486106024
4614700020
237105748R
237107137R
237106468R
0281019110
8200111795
0281013664
0281011562
237106319r
237105748R
237106319R
237102265R
0281030116
0281019110
0281035806
8200673240
8200278378
237103352R
237103353R
0281017977
8200162378
8200153837
0281019110
0281030577
0281032654
237108709R
0281032654
7700868294
7700112787
8200162381
8200164728
237101754R
237102213R
237106677R
237100703R
237102213R
0281012658
237103571R
8200334419
2371036606
237108979R
237106276R
9801622880
0281010297
0281011814
8200800642
8200911560
8200513058
0281010632
237100637r
0281016808
8200181482
237100487R
237102747R
0281015798
0281012058
237106319R
0281032811
0281013366
8200601334
237106319R
0281035325
237106319R
0281032885
237105171R
0281016808
0281014646
8200119842
0281010633
0281011969
237103606r
237102071R
8200164240
237106288R
0281017065
237103251R
237103008R
237100345R
237100033R
237103008R
237100131R
8200153997
237103571R
237105821R
237106230R
8200187028
0281015798
0281030577
237102747R
0281019889
237102747R
0281019148
237102747R
0281019889
237102747R
0281019889
237103725R
237102747R
7700377200
237107336R
0281017613
237100131R
237106319R
0281033119
237102597R
8200977486
237106288r
8200911568
8200793109
8200783095
8200264679
8200230514
8200173286
4460553020
4614700020
5010415003
0281032654
8200153840
8200127789
237100131R
0281033119
237105171r
237103333r
5010284081
237106288R
8200142883
237101478R
0281011814
8200158443
237104376R
237102426R
8200911568
8200911966
237107336R
237106376R
4460550210
8200522357
8200911560
8201077701
237100173R
237100033R
237102747r
237102748r
237102213R
0281019147
0281017977
8200164728
237102426R
7421313712
7420758802
7700110938
0281018933
8200498188
8200565767
237100120R
237100148R
0281034037
237106102R
237106276R
237100307R
237100307R
8200035692
8200726880
0281015323
237106276R
0281035806
0281030899
237103251R
7420569215
7421720483
0281015330
8200513058
237101454R
237101478R
7700112928
8200153997
237104454R
0281030899
8200208997
237109855R
8200935115
8200680832
0281018497
237100294R
237108985R
8200774747
0281012996
8200520036
5010415003
237104376R
8200057536
8200191959
8200847131
0281018497
8200334419
7700867270
8200264679
8200230514
237103738R
237102426R
8200164240
8200631560
8200035692
0281011102
0281012589
8200527725
237100120R
237100943R
8200387138
8200074714
8200230514
0281015321
0281030899
8200911560
0281013016
237102806R
0281013018
237102426R
237106468R
8200057536
7700867293
237106230R
8200175016
237102806R
8200296267
237104376R
8200095416
0281011101
0281030575
8200522357
0281016227
237100899R
0281013907
8200843713
0281010966
237101082R
8200095416
0281011101
310320015R
8200856659
8200598393
0281032927
0281030439
0281030577
0281030577
0281032615
0281033357
237106626R
0281016808
237100637R
0281032615
283467680R
0281019110
237102265R
285906994R
0281033357
237106626r
319592125R
0281019110
237102265R
0281019110
0281032457
310320288R
310320015R
7420908555
0281032457
285800001R
0281012658
0281015330
8200935115
0281019840
237101754R
0281017977
0281011890
8200402578
237102265R
319592125R
0281017977
8200750348
8200773042
8200749952
8200057311
8200222577
0281030577
237102265R
0281017977
237100899R
8200800642
8200749951
0281017977
237100899R
0281032885
237106319R
0281030991
237103888R
237101082R