8200305732
8200312600
8200305732
788262843R
8200385515
8200385515
8200385515
8200385515
8200385515
8200385515
8200385515
8200385515
7701039565
5010415051
8200305732
8200305732
8200385515
8200385515
8200385515
8200385515
8200385515
8200385515
7701038652
7701039565
7701038652
7701039565
8200063311
8200385515
8200385515
8200385515
7701039565
8200305732
7420787694
8200305732
8200305732
7701038652
788266729R
8200305732
7700108763
8200385515
8200385515
8200385515
8200385515
8200385515
8200385515
8200385515
8200385515
8200000966
8200385515
8200305732
8200305732
788266729R
8200000966
8200305732
8200305732
8200305732
8200305732
7420864269
8200000966
8200305732
8200305732
8200305732
8200305732
7701039565
8200385515
7701039565
8200000966
8200305732
8200385515
8200385515
8200305732
8200305732
7701039565
7701039565
8200000966
8200000966
8200305732
8200305732
8200305732
8200305732
8200305732
8200000966
8200305732
8200323532
8200313376
8200000966
8200313378
8200305732
8200305732
8200305732
8200305732
8200305732
8200000966
8200305732
8200305732
8200305732
8200305732
7701038652
8200305732
7701038652
7701038652
7701039565
7701038652
7701039565
7701039565
7701039565
7701039565
8200000966
8200305732
8200305732
8200305732
8200000966
8200305732
8200305732
8200305732
8200385515
8200385515
8200385515
7702127962
7701029259
7701039565
7701039565
7701029259
7702127962
8200385515
8200385515
8200385515
8200385515
8200385515
8200385515
8200305732
8200305732
8200305732
8200000966
8200000966
8200305732
8200305732
7701038652
7701038652
7701039565
8200385515
8200385515
8200385515
8200385515
8200385515
8200385515
8200385515
8200385515
8200385515
8200385515
7701038652
7701038652
7701039565
7701039565
7701039565
7701039565
7701038652
7701039565
7701039565
7701039565
7701039565
7701039565
7701039565
7701038652
7700431770
7701038652
7701039565
7701039565
7701038652
7701039565
8200029658
8200385515
7701038652
7701039565
7701038652
7701038652
7701039565
7701039565
7701039565
7701038652
788262843R
7700841557
8200766631
7701039564
7701039565
4051721401
4062721401
7420787694
4071721401
7420787694
7420787694
7420787694
5010614550
7420787694
7420787694
7420787694