8200306033
8200481866
8200306033
8200306031
8200306033
8200306033
8200306033
8200306033
8200306032
8200455424
8200306033
8200262385
8200306032
9650663980
8200029342
8200262385
8200306033
8200306032
8200481866
9664055480
8200481867
8200029342
243880001R
8200410211
243503708R
8200455424
8200316854
472506154R
8200300662
243503708R
8200179416
8200431866
8200481866
8200262385
5010561943
8200525384
8200029340
7703297930
5010590677
6025316604
8200306032
8200637377
8200004201
8200346815
5010293757
243121532R
8200306032
8200190268
7703297786
241148233R
8200306032
8200481866
8200306033
243800002R
8200207134
8200220684
8200013449
8200306033
8201044237
8200306032
8200300662
6025406607
8200451901
8200636729
7700436246
8200306032
5010293757
5010293757
8200029342
8200451901
8200206770
8201044238
8200283811
7703297929
8200213234
243800453R
8200447438
8200433197
8200574970
8200190268
7703297242
280240001R
8200292640
252365026R
7703297929
8200292056
8200213760
7703297786
8200065817
8200004201
5010232687
8200004201
8200004201
8200744505
8200043239
243800010R
8200261218
8200342762
8200278721
7700436247
8200190269
8201044238
8200043240
241148785R
8200190269
8200481866
8200207139
8200346814
8200481863
8200213234
8200228558
8200213234
8200306434
8200029342
8200306033
8200029342
6025408262
8200744505
9810858280
7703297184
8200031555
8200606826
8200043240
8200029339
7700821586
7711198869
8200029342
6025312693
8200004201
7703297241
7703297183
7703297637
8200305575
243117797R
243800453R
8200179410
243800003R
5010516886
7700427844
7700436247
8200190285
8200141153
8200004201
8200029340
8200043240
7703297183
8200228570
8200262051
8200412548
8200306434
8200192469
5010516886
8200029342
8200636729
7703297183
8201229417
8200249128
8200780028
8200451901
8200029342
7703297784
8200433198
8200607259
8201077402
8200190285
8200652286
8200306434
285254341R
9650663880
8200346815
0263014160
5010590677
8200780018
8200029342
285903089R
8200228554
8200029340
8200148810
8200029340
7703297784
8200207134
8200249129
689213295R
8200091857
8200481867
8200171868
8200367246
7703297786
8200206770
5010466930
8200874481
8200346814
7700427844
8200228557
8200004201
8200004201
7700436247
7703197962
8200316868
8200780028
8200004201
8200481866
8200262050
8200004201
7700820984
8200029340
5010516886
240110073R
9657718780
9664705880
9661682680
9666700480
8200306033
8200306033
8200309690
9663100480
243137085R
9659742080
9664055480
8200306032
8200692835
9661682580
9656593780
9659742080
7703297184
7703297184
8200455424
9661682580
7703297784
8200306033
8200368381
8200306435
243755056R
8200029340
9646405380
9658539680
9664997880
9664997880
9666700080
8200278721
9661707880
9663100580
9650663980
8200004201
9658539180
8200481866
8200306032
8200300662
8200004201
8200300662
8200283811
9807028880
9666951980
8201044238
243809584R
9658539180
8200210898
8200451902
8200292640
8200429860
9661708280
243120004R
8200206771
8200455424
8200481866
7703297784
7703297784
8200029340
6025312692
8200607606
8200445566
8201044238
8200311990
8200387289
8200029342
8200306033
8200029342
9641258080
8200029342
7703297786
9659741880
8200481778
8201044237
8200309016
8200455424
8200606828
8200215216
9658539680
8200031556
243809584R
8200447434
8200108486
9657608580
9657608580
8200574833
8200560976
8200814470
7701470087
9666700080
7703297784
8200621762
6025408262
7700430722
7703297929
6025312692
8201077402
8200215216
8200220690
252360745R
7703497782
7703297988
8200403412
8200544782
8200455424
8200249129
8200367245
252365026R
8200220685
8200029340
7703297587
8200179408
8200924035
9641258080
243800003R
8200306032
8200306033
8200029342
8200306033
8200306033
0005402350
8200481866
8200306033
8200029340
8200306033
9666700080
8200306032
8200306032
8200306031
8200306033
8200316942
8200306033
8200306032
8200300703
8201044238
8200180276
8200606825
8200358192
8200306435
8200525385
8200433198
7703297183
8200306033
252361535R
282754521R
243826085R
8200481866
8200306435
8200481866
8200179416
8201044237
8200481866
8200300662
5010466950
5010293757
8200306033
8200481866
9667199680
9667199680
8200228558
8200306033
8200219986
8200451902
8200306032
252361535R
8200399783
243809584R
8200780025
8229283696
8200481866
8200306033
243826085R
252361535R
260552119R
8200412548
2437626661
8200306436
8200412548
8200338872
8200228554
243501820R
8200520034
8200262383
8200637377
8200316854
8200652285
8200200106
8200870481
8200029342
5010466930
8200455424
8200190269
8200190285
7703197962
8200481866
8200190295
8200371617
8200481863
8200004201
8200346814
8200309690
8200525384
135027147R
5010466930
8200780021
8200451901
8200744505
8200309690
1734692949
8200220647
8200029342
7421079590
243800010R
8200351184
8200065817
285259902R
8200606830
284471113R
8200029340
8200306437
8200351184
285900750R
8200033521
5010590677
7700436246
5010516886
5010232687
8200315964
5010590677
8201044238
8200292640
5010516886
8200652285
7700436246
5010561943
8200292068
8200433198
6025316605
7703297786
8200179408
8200433197
8200029342
7703297184
7703297784
8200029342
5010590677
7763297183
8200306435
8200306032
8200306435
5010590677
5010590677
8200004201
5010466950
7421079590
8200029340
8200228557
263315510R
263361032R
8200167419
7703297183
8200029340
5010466930
8200306032
8200029342
243809584R
8200030603
7930763499
240110092R