7701207898
7701206328
0986479760
7700800002
7701201295
7701208252
6001547683
7701204499
7700802232
6001547683
7701208252
7700802232
7701208252
6001547683
0155230041
8200196263
402068234R
0986478758
0986479759
0986479278
432000010R
0986479695
4154200102
432001539R
7701207898
0986478758
7700805006
7700780077
0155230041
402060010R
0986479565
8200177024
7701207823
402060003R
0986478758
0986479695
5010260604
0986478758
0986479759
7701204901
0986479708
8200381148
0986478390
432000007R
0986478757
7701207823
0986478757
0986478276
7701208850
7701207611
7701207795
0986478276
2401110166
7700715081
7701204284
0986478757
7701208230
7701208230
7701207378
7701207357
7700802232
7700841563
7700800003
7701204296
7700780077
7701204293
7701205230
7700426389
7701207357
7701207378
5010260603
7701207227
7701207823
0986479199
7701206846
402060540R
7700302128
402062212R
7700561367
8200007121
7701206613
2401160119
0986479759
2401280245
2401260186
2401280135