210511238R
8200042880
7700105176
7701633125
7701633125
7700105176
7700105176
8200042880
7700106101
7701633125
7700866518
7701633125
8200042880
3523161709
8200042880
7701464538
7701473327
7700864596
7701478031
7700861686
7700861686
7701633125
0392023294
7700105176
7700105176
7700105176
0392023294
7700105176
7700105176
7700105176
7700861686
7700861686
3523161708
922304507R
7701472182
3523161709
210103098R
8200285950
8200005081
7701472182
7701472182
8200042880
7701472182
7701472182
8200285950
117102017R
7701473327
7701473327
7701473327
7700859931
7701472182
7701472182
7701472182
3523161708
7701459435
7701473327
7700866518
7701472182
8201013780
8200129206
7701475995
7701478031
7701466850
7701462145
7700105176
7700105176
7700105176
7700105176
7700866518
7700105176
7700105176
7700105176
7701473327
7701473327
7700105176
8201013780
8200129206
7701473327
7701473327
7701473327
7701473327
8200042880
8200042880
7701633125
7700105176
7700105176
7700105176
7700105176
7700105176
7701473327
7701473327
7701473327
7701473327
7701473327
7701473327
7700105176
7701475995
7701478031
7700106101
7700105176
7700105176
7701466850
3523161709
7700105176
7700105176
9640344280
7701473327
922304507R
0392023219
0392023015
7701472182
7701473327
7701473327
7701472182
7701473327
7701473327
7701472182
7701466850
7701473327
7701467622
7701473327
7701466850
7701472182
7701472182
7701633125
7700105176
7700105176
7700105176
7700105176
7701473327
7701473327
7701472182
7700105176
7700105176
7700105176
7701472182
7700861686
7701633125
112221641R
0445214024
922304507R
8200357354
7701472182
7701472182
7701473327
7700105176
7701473327
8200042880
0392023219
0392023294