7701472182
3523161708
7701463397
7701462809
7701463111
3523161708
3523161709
7700736091
7701633125
8671019641
8671019519
7701633125
9641117180
7701633125
7701633125
9641117180
3523161709
8200042880
8200042880
9641117180
3523161709
3523161709
3523161709
7700105378
7700105176
7438610006
7438610035
8200146298
7700861686
3523161709
3523161712
8200042880
8200146298
7700861686
3523161709
3523161709
9637506680
8200042880
0350506573
8200042880
7700864596
8200042880
7700864596
7438610006
7438610006
7700861686
3523161708
3523161709
210106113R
3523161709
3523161709
7701473327
3523161709
3523161708
7700105176
3523161709
3523161709
7700864596
3523161708
3523161709
5130500005
5130500005
5130500005
5130500005
5130500005
5130500005
922377470R
7438610006
7701472182
7700859931
7700871801
7701467622
7438610006
7438610035
7701472182
7700111675
3523161709
7701462145
7701473327
0350506698
3523161709
0350506019
1214103200
3523161709
7700105176
3523161709
7701472182
8200146298
7700106101
9627667988
7700859931
210108574R
8671019519
7700866518
8200146301
7701473327
7700866518
7701462145
7700866518
7701466779
7700105378
7700105176
8200042880
8200146298
7700861686
7700111675
8200042880
3523161709
3523161709
3523161708
7701464736
7701462809
7701463111
8200146298
7700861686
8200146297
7700105378
7700859931
7700871801
7701467622
3523161709
3523161709
7701473327
7700105176
7701452155
8200042880
8200042880
3523161709
3523161709
9641117180
7700106101
3523161709
7700106101
7700861627
7700107845
3523161709
4314101200
7701473327
3509816420
4014101300
3523161709
922378983R
7700866518
8200146301
7701475995
7701478830
7700859931
9641117180
8200042880
7701467223
7438610006
8200713853
8200042880
4014101900