7701041348
7700864596
3523161709
3523161709
3523161709
3523161709
3523161709
7701467622
7700859931
8200146298
7700861686
7701478018
7701041348
7700864596
7701464736
7701462809
3523161709
210103373R
7700864596
3523161711
3523161712
3523161709
3523161709
3523161709
3523161709
0392023294
3523161709
0392023015
146503760R
210103098R
0350506863
7701633125
0350506725
0392023219
210511238R
7701472182
7700106101
7701465513
7701473327
3523161709
210511238R
3523161709
3523161709
3523161709
3523161708
8200042880
3523161709
3523161712
3523161711
3523161709
7701478018
7700861686
7701478018
9671017773
8671017773
7700105176
7700274330
3523161711
7701475995
7701464030
3523161709
3523161709
3523161709
8200042880
0392023015
7701478924
7438610006
0392023219
0392023219
0392023219
8200042880
922371418R
223727641R
210511238R
7701474190