210101302R
7700736091
7701633125
8671017743
8200428447
7700105176
1201000000
7700736091
7701633125
8200146298
7700861686
7701478018
3523161709
7701633125
7700736091
3523161709
3523161709
3523161709
3523161712
7701475995
7438610006
0350506780
3523161709
3523161709
3523161712
3523161710
3523161709
3523161709
3523161709
1201000000
7700866518
8200146301
7700866518
8200146301
8200146301
7700866518
210108030R
2002000001
3523161709
3523161709
3523161709
3523161709
3523161709
3523161709
3523161709
3523161709
7701462145
7701466419
210511238R
7701475995
7701478031
210108030R
2002000001
8200042880
3523161709
8671019585
7700106101
8200042514
9627667988
8660003252
7701466778
7701466850
7701633125
7700111675
7701474435
110618527R