8200428447
7700274330
8200146301
7700866518
210109189R
210107370R
3523161709
3523161709
7700736091
7701633125
7700736091
7701633125
9640601280
7438610006
7701466779
7700861686
7701478018
8200146298
8200042880
8200266950
3523161710
7438610006
7701466779
7700861686
7701478018
8200146298
8200042880
8200266950
3523161710
7701478924
7700861686
7700866518
0350506655
0350506099
0350506580
9641117180
7701466571
7701461405
7701465513
7701633125
7700864596
3523161709
3523161709
3523161709
3523161709
3523161711
3523161709
3523161703
210108030R
2002000001
7701478924
0350506709
7701478924
7701462145
3523161703
7701461006
7700866518
8200146301
7700866518
8200146301
8671019585
8671019641
210109189R
7701464030
7701467223
3523161709
3523161709
3523161709
3523161711
3523161709
7701478031
7701475995
7701462145
7701462491
8200428447
7701463397
7701468491
7701478031
7701475995
8671017749
7700871801
7701467622
3523161709
3523161703
7701475995
7701472182
7701479043
7700864596
8200088663
7701478923
7701478923
210108845R
7703020052
3523161709
7700106101
8671019641
3523161712
3523161709
3523161709
8200962185
7700105176
8200428447
210101302R
8671019641
7701474435
7700111841
7700106101
3523161709
7438610035
7701478018
8200146298
7421219970
7700861686
210103373R
9641117180
7701474435
7701463377
7701462145
7701462491
7700866518
7701479043
210109189R
8671019641
8671019585
210108796R
0392023219