7701478031
7701475995
210109189R
3523161709
7701478830
7701478018
7700861686
8200146298
7701465513
8671017748
7700866518
6001543359
7701633125
7700736091
7701465513
7701466778
7700861627
7700107845
7700111841
0350506564
7701466850
7701461405
7701472182
3523161709
3523161703
3523161710
8200332040
7438610006
922377470R
8200582675
3523161710
7701473327
7701476496
7701473327
7701475995
1201000000
922378983R
8201013780
210107370R
3523161709
3523161709
7701462145
7701466419
7700864596
8200088660
8200088660
8200266947
7701479114
210102773R
7701479114
7701041348
7700864596
7700599357
7701465513
7701478031
7701475995
210109189R
7701464030
7701467223
7701478923
210109189R
210108845R
3523161703
3523161710
7700106101
7700107845
7701463397
7701462809
7701463111
7701474435
7700105176
7701462145
3523161709
7701473327
7700864596
7438610006
7701478031
7701475995
210108845R
7701478923
210105707R
7700105176
7701464030
7701467223
922304507R
7701378050
210511238R