210100753R
210100753R
5130500003
210100753R
210105296R
7701466571
210103373R
7700861686
3523161709
3523161710
3523161709
7700736091
7701633125
8200582675
7700105176
8200146298
7700861686
7701478018
7700864596
7701478924
7701466571
210103314R
8671019520
8200266947
7701466850
7701468802
7701467153
7438610006
7438610035
7701466779
7701467153
7701465513
7701466693
4062130701
7700736091
7701633125
7701478846
3523161712
7701463182
7165430100
7701457771
8200042880
7701473327
3523161709
8660003252
5130500003
5130500003
215018211R
6262000007
8200266950
210107477R
8200088663
8200146301
7700866518
7700866518
8200146301
8200146301
7700866518
7701462808
210107370R
9627667988
6262000007
210108796R
3523161709
7701462145
7701466419
210101302R
210105296R
8200582675
3523161712
210103098R
8200088663
8200266947
7701464030
7701467223
8200088663
210108030R
2002000001
210103098R
210103098R
7701474435
7701474435
7701462145
7701463377
7701466419
7700861686
7701478018
8200146298
7701479114
7700736091
7701633125
7701475995
7701478031
8200088660
7701478924
8200037686
7438610006
9635986680
922304507R
7701479043
7701478031
0392023219
210105707R
7700871801
7701467223
212009132R
165780388R
922378983R
7701476496