210107370R
7701479114
3523161709
7701466850
7701468802
210108845R
4061130701
7701479043
8671019615
7701461405
7701463182
210103314R
8200397735
8200702755
210109189R
7701478925
8200702762
7701478031
3523161709
7701478031
7701478031
7701478031
7701478031
7701478031
7701478031
7701478031
7701478031
7701478031
7701478031
7701478031
0350506074
7700859931
7700861686
7701461336
7701478830
7701478846
3523161712
6136000003
6136000003
6136000003
6136000003
7701478846
7701478031
0392023219
7701467153
7701478031
7701478031
7701478031
0392023219
0350506325
7701467153
3509817640
3523161712
3523161712
7701478923
8200702750
8200397732
1610069355
1610069356
7701479114
3523161709
210103314R
7701478830
6072000007
7701478031
7701475995
210101302R
210105296R
8200582675
7701474435
8671019598
7701478923
7701474435
8200653934
7700106101
7700107845
7700861627
7438610006
7438610006
7438610035
7438610006
9635018180
7701461336
7701474435
8200235657
7700106101
7701466850
7701478031
7701478031
7701478031
7701478031
7701478031
7701478031
7701478031
7701478031
7701478031
7701478031
7701478031
7701478031
7701478031
7701478031
7701478031
7701478031
8671019520
7701472182
8200146298
7701633125
7700861686
7700866518