7701206328
432025945R
432001539R
402020003R
7700802232
7700800002
7701201295
7700802232
7700841563
7700561367
7701208252
6001547683
7700802232
7700841563
0986479278
0986479607
0986479573
0986479196
0986478305
8200381148
7701205842
7711130077
7701472838
8201695235
0986479565
7701472838
0986479607
7701208850
7701207357
432006506R
5010260609
402066300R
8200688880
7701210081
0986479708
7701206328
6155236037
0986479565
0986478276
8200244108
7701206614
8200007122
7701206328
6001547683
8200123117
0986478276
7700715166
7701467306
7700715081
7700715412
7701204281
7701208230
7700426389
7701205086
402063149R
402062212R
7701207795
7701206845
7701206328
8201695235
7701206613
7700780892
7711130038
7701206613
7700841564
7700802233
1309392080
7700314107
6025304079
6025370406
7700802233
7700841564
0986479573
0986479607
2401280132
2401120190
2401180153
0986479280
402066624R
2401080114
2401280252
2401280133