7701464030
7701467223
7701477028
3523161709
7701466850
7701468802
7700105378
210101302R
7700105176
7701461405
7701463182
8200146298
7700861686
7701478018
7700864596
7701041348
7438610006
7701466850
7701468802
9635018180
9641117180
7701479043
7701478925
210109189R
8200702762
7701467153
7701465513
7701466571
7701457771
7701457546
9641117180
8200689693
7701465513
7701462145
7700105176
7701633125
7438610006
3523161709
2330303009
2330303009
2330303009
2330303009
7701467153
7701478830
7438610006
7701478031
210108030R
210100906R
7701462145
7701462491
7701463377
210100753R
3523161709
7701478031
210109189R
7701478925
7701475995
7701473327
7700859931
7700871801
7701467622
8200088660
7700864596
7701478924
7701349446
7701461405
7700859931
7701467622
7700871801
7701476496
7438610006
7438610035
7438610006
7701478031
7700107845
7700106101
7701479114
7701474435
7701472182
3509820560
3523161709
7701476496
7701466850
7701468802
1201000000
7701465513
8200146301
7700866518
7701462419
7701462145
7701463377
210101832R
7701478923
7701474435
7701478924
9641117180
0392023219
7701478031
7701476496
210100753R
212009132R
7700859931
7701478031
7701473327
7700866518