0392023219
212009132R
0392023219
7701478846
210109189R
7701478925
7701479114
7701479114
3523161703
3509814910
7701478846
7701465513
7701466693
7701478923
8200693173
7701461405
7701463182
7701479043
7701464030
7701467223
3523161703
922304507R
210101832R
7701466571
7701461405
0392023219
210109189R
3523161703
210103098R
0392023219
0392023219
7701478846
922304507R
922304507R
210108796R
210103098R
210103098R
210103098R
922304507R
0392023219
0392023294
7421219970
5001853804
210108030R
210100906R
2002000001
7701478018
7701478924
922304507R
5001853804
210108796R
7701478846
5001853804
210103314R
210103314R
8200397735
8200702755
210109189R
7701478925
8200702762
6262000007
7701473784
7701461336
5001853804
7701478830
6072000007
210109189R
7701479114
7701462145
7701462419
7701466410
6072000007
7701478830
7701478830
6072000007
7701478830
6072000007
210101832R
7700736091
9641117180
8200042514
7701478846
7701478830
210109189R
7701478925
7701479114
7701479114
210108796R
210103314R
7701479114
210109189R
8200729976
212309916R
7700861686
7701478924
210108796R
7701478924
7701475995
7701472182