7701462491
7701462145
922000004R
7701467642
9641117180
210103314R
7700864596
7700871801
7700859931
7701467622
7701478846
3523161705
3523161705
7701474190
8200494541
922304507R
922304507R
212009132R
7701478830
6072000007
210108796R
7701478846
0350506879
3523161709
8200494541
7701478846
210100753R
210109189R
5001851798
3523161705
3523161709
7701478846
3523161705
9635018180
6072000007
7701478830
7701479114
7701478830
7701057952
7701057952
3523161705
3523161705
3523161705
7701467642
7701478846
922000004R
7701474190
7701473784
7701478846
210109189R
7701478925
8200477168
8200332040
7701474551
7701478846
7701474190
8200042880
7701472182
8200266950
7701461405
1201000000
7438610006
7701473327
8200332040
7701466850
7701478830