3523161713
3523161713
210102433R
3523161713
7701057952
5001851798
212009132R
210108197R
3523161705
3523161705
5001851798
5001851798
3523161705
7701474006
7701474006
7701474006
7701470879
3523161708
212309316R
5000663009
5000670157
3523161708
7701478846
3523161709
210102433R
5001875237
7701057951
210102433R
3523161713
210109404R
210100113R
3523161709
8200285950
8200285950
8200285950
8200285950
8200285950
8200285950
8200285950
3523161712
8200285950
210102433R
210102433R
5001853804
5001857427
7701057952
8200285950
5001866278
7420734268
7701057951
7701479114
7701057951
7420744940
210103098R
7701474006
7420734268
3523161708
7701478830
5000670157
5010284179
7701470880
7701470880
210109334R
3523161708
7701470879
7701470880
7701470880
5001837288
5010258977
7701470880
7701470880
7701470880
7701470880
7701470880
5001857427
5001858484
5001853804
5000670157
7701057952
5001851798
7701057952
3523161708
5001863728
210109189R
8200285950
1610009260
1610039485
1610039486
5001851798
5001853804
7701474551
5001853804
8003628859
1610069356
7701470879
476604656R
5001837295
212309316R
212008315R
5001858484
0392024095
210108197R
210106764R
212008315R
212008315R
212309316r
212007967R
210108197R
210108197R
7701057951
210118431R
7701470879
212008315R
7701478846
7701462808
5001851798
7701478846
0392024095
210108197R
7700314057
7700314057
5001853804
7701478830
7701478830
7701478830
210109189R
5802102046