8200411166
8200211563
8200008765
8200302463
8200735039
214000007R
7700425842
8200115542
8200117609
8200357536
8200448553
214106473R
7700425842
7711135327
8200189286
7700425842
214107326R
8200411166
7700773968
7701042436
7700425842
7711135811
8200369307
7701352603
7700838134
214000004R
7700838135
7701034768
7700838135
7701034768
8200292771
6006000709
7700784037
7700805486
7700838135
8200008765
8200302463
7700784040
7701034770
7700795175
7701034768
7701036152
7700838135
8200140972
7700304932
7701042436
7700838133
7701036152
7700430784
4769013000
7701034768
7700784040
7701034770
7701034768
7700314382
214107326R
8200455801
8200115541
7700425842
7700784038
7701042436
8200033831
7700838135
7701352896
7700836301
7700430784
7700795175
7700838129
7700784040
7701352606
7700838129
7700784040
7701034770
7700838133
7701352605
7700795175
7701034767
7700784037
7700805486
6006000709
8200735038
0350316658
8200008764
7701499974
7701034767
7700784040
7701034770
6006000709
7700838133
7701352605
7701034768
7701036152
7700784037
7700805486
7700804240
7701352606
7700838129
7700821910
7700314382
8200115542
7701034768
7701038237
7700428082
8200033831
8200008764
214101612r
8200735039
7701057120
214100002R
215149414R
214100068R
8200245596
214100002R
8200735039
7700428082
214100078R
8200008764
7701036152
7700838134
7701036152
7700425842
7711135327
8200189286
8200357536
8200884679
8200245596
8200357536
8200302463
7701412007
7700304932
7700312858
8200140972
7711135540
214000035R
7701047889
214107326R
214100005R
214000003R
7700786442
7700836301
8200115541
2143710003
8200302463
8200292771
8200411166
8200033729
8200115542
214000003R
7700430647
7700430784
8200008764
7700436916
7701499953
8200411166
2176511980
8200735039
7700428082
214000003R
214000003R
214100006R
8200735038
8200008764
214100598R
7700430647
7700836300
8200008765
214000007R
8200115542
8200117609
8200357536
8200138738
7701057120
8200735039
7701057120
8200834493
7700428082
7700429769
7700304932
7700312858
8200140972
7701036152
8200735038
8200008764
8200245596
7700786444
7701047886
7701395092
8200115541
8200151464
7700804240
7701038237
7701499549
7701042436
7701045212
7701499800
7701045345
7701045410
7701049754
8200008764
8200292771
8200735038
214100004R
8200735039
7701057120
8200008764
214100014R
215149414R
8200115542
8200117609
8200357536
214101809R
7700428082
7701042436
214100078R
8200151465
8200138738
7700430647
7700836300
8200245596
7701352606
7701057120
7700838135
7701352606
8200302463
7701057120
8200008764
8200156548
7700425842
7711135327
8200189286
7700804240
7700430647
7700836300
7700314382
7700838134
8200072712
8200240818
7700838129
7701042436
7701034767
8200008764
8200245596
7711135540
7700784038
7701036152
7700784038
7701036152
7700430784
7711135540
7700430647
8200008764
7701352606
214000003R
8200008765
8200302463
7701042436
7701499800
7700838135
7700836300
7700838134
7701036152
8200245596
7701038237
7701499549
7700429769
7700804240
7700430647
7700838134
7711497455
8200245596
7700838135
7701042436
7701045212
7701499800
7700784038
8200151464
7700784040
7701038237
7700314382
7701042436
7701038237
7700784040
7701473785
7700425842
7700838135
7700425842
7711135327
7700786444
7701047886
7701045212
4769002000
7701038237
7701499549
7701038237
8200008764
7700314382
7701038237
8200332851
7700795174
214105150R
7700425842
7701036152
7701352365
7700795175
7700795175
7700784040
7701034770
7701034768
7701499800
7701045212
8200049080
8200049080
8200117609
2143710003
7700312858
7700430647
7700836300
8200151465
7700314382
7700838135
7700425842
7700836301
8200049077
7700784038
7701034769
7700430784
7711134331
7700784038
7701034769
7700430647
7700836300
7701499800
7701042436
8660000442
6001545765
7701034768
7701034769
7711134656
8200008764
8200008765
8200302463
7701034767
214100078R
8200115542
7700804240
8200117609
7700804240
214105150R
8200033831
7700432392
8200343476
8200151465
8972292313
214100078R
214100002R
8200116110
8200292771
214100014R
214100014R
214100014R
8200115542
8200115542
214100002R
214104966R
8200252209
7700430647
8200008765
8200008765
214105378r
7700836301
214101527R
214100016R
7700838136
8200115540
214100005R
8200302463
8200115541
8200443896
8200138738
8200421597
8200471885
7700428659
924107546R
204767111R
7701035951
215037444R
8200008765
214000007R
8200735038
214100006R
214100016R
214100005R
8200138738
8200735039
214100004R
8200008765
8200221498
7700839275
7700816323
7700810264
7700838133
8200033831
8200033831
8200033831
7700810264
8200033831
8200033831
8200033831
7700816323
7700838135
7700838135
7701034770
7701045345
7700838135
7700838135
7701034770
7701045345
8200117609
8200117609
7700838135
7700838135
7700838135
7701034770
7701034770
7701045345
7701045345
8200117609
8200117609
7700838135
8200117609
7700838133
8200138738
8200033729
8200033831
7700428082
8200033831
7700428082
214100014R
8200292771
214100014R
921000294R
214100002R
8200115542
214107326R
8200115542
8200033729
8200418328
214000035R
214000003R
8200455801
7700425842
214100078R
8200455801
214107326R
214100078R
8200455801
214100014R
214101448R
8200688390
214000003R
214000003R
214000003R
214000035R
214107326R
214104684R
8200292771
214100598R
8200966248
8200008765
214000035R
248100285R
8200455801
214100002R
8200680824
8200433512
214100078R
8200115540
8200033732
4535000203
8200075810
214100001R
7700810264
214100002R
214105150R
214100014R
215149414R
8200075810
214100014r