8200117609
214107326R
214107326R
214107326R
214105169R
0350731378
8200117609
7701352605
8200735039
214100067R
214107399r
214107326R
7700838133
7701352605
8200735038
7700429769
7700795175
4769029000
7700304932
8200140972
7700784037
7700805486
7700429769
7700795175
4769029000
7700304932
8200140972
214107399R
7700314382
8200735039
7701034767
214100598R
7700436916
214100598R
7701038219
8200008765
7700806575
8200189286
7700804240
8200008764
8200189288
214100014R
8200302463
8200008765
8200008765
7711134658
7711134658
8200302463
7711134658
8200302463
8200302463
7711134658
7711134658
8200189288
8200735038
8200008764
214100002R
8200115542
7701035718
8200189286
8200433512
7700425842
214100015R
8200117609
3502137760
214108607r
214100014R
214100067R
7485123645
8200023040
214101809R
214101206R
214106091R
214109798R
8200138738
214100067R
214100014R
214100067R
214100067R
7700301171
8200330848
2141000014
214100002R
8200117609
4155000002
8200418327
8200418328
7700816323
7701047889
8200735038
4155000002
8200418327
8200418328
7700741216
8200365427
214100598R
8200582026
7701044076
7700425842
7701043411
7701499548
214101448R
7700301171
8200330848
214100598R
7701038237
7701042436
7700301171
8200330848
8200735039
8200365427
7700816323
7701047889
8200357536
7701057120
7701035718
7700816323
7701047889
8200189288
7700804240
8200189288
7700804240
7700425842
7701352976
214100598R
8200115542
7700804240
8200189288
8200115541
8200008764
8200073817
7711134656
8200008764
6001545765
8200343476
7700838133
8200117609
8200008764
214100598R
8200582026
7701038237
8200117609
8200357536
7700836304
7700417175
3502131680
214100002R
7700804240
4155000002
8200418327
8200418328
214100002R
7700741216
7700838133
7700425842
8200189288
7700436916
7700810264
214000005R
8200189288
8200189288
7701352899
7701474240
7700436916
7700804240
7700810264
7701047887
7700816323
7701047889
7701038237
7701499549
8200343476
8100343476
7700838135
7700784037
7700805486
7711135786
7700314382
8660000440
9965731110
8200357536
7711135784
7701352976
7700430143
7700430648
214100598R
8200582026
7700430647
7700836300
7700425842
7701352976
7711134322
7700816323
7700430143
7700430648
8200245596
7711134656
214100598R
8200582026
7701034767
7700425842
214005447R
214105378R
7700836304
7700838134
7700838134
7700838134
7700838134
7700838134
7700838134
7700838134
7700838134
7700795175
8200115541
7700838134
8200115541
7700838134
7701038237
7700838134
8200115541
8200115541
7701038237
7701038237
7700838134
7701038237
8200008765
8200008765
8200008765
8200008765
8200008765
8200685725
8200151465
8200465488
214101612R
8200008765
214004474R
8200025637
8200252209
7700836304
8200369307
214000003R
7700838135
8200418329
7700838135
7700838135
7700838135
7700741216
7700304932
8200138738
8200138738
7701035718
7700757930
7700757930
7700741216
7700304932
8200138738
8200138738
7701035718
214101809R
214107326R
214105378R
214105378R
214105378R
214105378R
214100014R
214100087R
214105513R
214100015R
214105514R
214107695R
214100078R
214100078R
214107326R
7700312899
144968116R
214109798R