0986479684
7701205842
7701472838
432000007R
7700314107
7700426389
7701205086
5010260609
7700802232
7700841563
0986479779
0986479573
402020005R
432067943R
0986479278
402020003R
7701207357
7701207823
8201695235
7701207898
7700800004
7701204297
8200244108
6155230022
6155230022
6155230022
6155230022
7701208230
7701208850
432006506R
7701207898
402064151R
402060010R
8200381148
402060540R
7701207823
402062212R
7701207823
6001548578
7701205653
7700802231
7701205843
7701472838
7701207823
8200688880
7701208252
6001547683
7701208252
8200007121
7701206613
402062212R
402063149R
7700426389
7701205230
7700715081
7701201283
7701207227
402066300R
7700715081
7700715412
8200381148
7700841563
7700802232
6025304079
6025370406
7700561367
7700314107
7700715166
8671016818
6001547684
6001549211
7700715166
7701467306
0986479554
0986478744
7701472838
7701205230
7701206118
7700302128
7701207897
6025370406
6025304073
432068231R
432001539R
432001868R
0986479607
0986479196
2401100325
0986479695
8671017844
402063149R