8200289181
214100045R
214103657R
214101809R
8200134606
8200289184
214106556R
8200134606
6025306734
7485000988
7482164953
8200292771
8200688382
7421009754
8200742598
214103569R
214109682R
6025313324
8200033729
8200688390
214101292R
214107695R
214100057R
6025313324
7701057119
7700838129
8200418328
214106473r
921006843r
6025306734
214819674R
5010619143
214108607R
214103657R
7701035723
214101263R
8200662040
8200688382
7420833583
7420833584
8200552787
7701066109
8200433512
8200116110
8200116110
8200116110
214107399R
214104966R
214100017R
214810039R
0350735625
8200289194
5010619141
0350735624
0350735182
0350735279
8200116110
8200149953
8200433512
0350701662
0350732918
0350735181
214107326R
7420775792
6000618062
214109682R
8660003464
0350734922
0350734946
0350732911
214108607R
214109798R
6025306734
5001849740
5001858101
8200008766
7700301171
8200330848
6025307275
7700876214
8200116110
8200116110
214100068R
7701035723
8200418328
8200115541
8200418327
6025313324
6025313331
214100067R
214100014R
7700838129
7711134625
214100001R
214100003R
8200418327
6025313324
214100068R
8200008766
214100004R
214100017R
214100017R
8200384071
7701499797
8200418329
214100068R
214100016R
8200325007
7700425842
214100002R
214105150R
8200049080
214100017R
8200116110
8200455801
214100078R
214100055R
7701057120
7700726932
7700741062
8200240818
8200072712
8200468913
6025310088
6025411680
8200297816
214100004R
8200072713
7701057119
8200384071
4155000002
214104950R
8200292771
8200292771
214109798R
8200455801
8200433512
6450917480
8200465488
7701035723
7701035723
8200465488
8200115542
8200115542
8200115542
8200115542
8200735039
3502133730
214108607R
214107326R
8200427469
214107326R
7701069897
6450917480