5001847508
5001847565
5001856789
5001856788
5000397635
5000450226
5001864775
5001861376
5001873354
5001867855
7701066109
0350735112
7420809878
5010315737
214109682R
7485000988
7421009754
214100016R
214100016R
5010619446
5001866280
5001837210
5001837212
5001866280
5010619446
5010315369
5001860493
5001839113
5001859152
5001867210
7421699253
7420809768
5010315369
5001866280
5010619446
7701040662
5001868516
5001873681
5010315369
5001860493
7421699253
5001867210
7701066109
5010213427
5001834418
7422207699
8200116110
214102845R
214107695R
5001847483
5010315845
5001866239
7701059051
5001856788
5001856790
7420775792
5001867210
5001858494
6025312321
5001868514
5001839113
5001859153
5010230484
5001867210
7420775792
5001873317
7420809769
214107695R
5001855885
5001853068
5010315825
7701066109
8200292771
7701066109
7700785734
7700430143
6006000712
7700430143
214108535R
7700304932
214100078R
214100078R
214100078R
214100078R
214106387R
214100078R
214100078R
7700304932
7701045345
214100078R
7701045345
7701045345
214100078R
7700304932
7701045345
214100078R
7701045345
7701045345
7700785734
214106419R
214100078R
214100078R
214100078R
214100078R
214100078R
8200880550
214100078R
214100078R
214100078R
214100078R
214100078R
214100078R
214100078R
214100078R
7700836304
7700836304
214100078R
7701034768
214100078R
214100078R
214100078R
214100078R
214100016R
214100016R
7700430143
214100078R
214100078R
214100078R
214100078R
214100078R
214100016R
214100016R
214100016R
8200008764
8200008764
8200468931
8200418328
8200468931
8200468931
7700425842
7700425842
7700425842
7700425842
7700425842
7701395092
7700425842
8200418328
8200468931
8200418329
8200418329
7700425842
7700425842
8200468931
7701395092
8200735038
8200468931
7701395092
214106556R
214106419R
5001866280