144960015R
144963014R
8200008761
7700312903
144960006R
144606126R
8200301883
144967634R
8200221885
8200115540
144968999R
144960006R
8200221885
144960022R
8200632968
8200427469
8200245599
8200981497
8200551943
8200033732
8200411160
144966078R
8200075810
144960015R
8200527670
144967318R
144960015R
8200115540
8200115540
7700312903
144613211R
8200590198
8200115540
144967867R
7700838130
8200142349
144967867R
8200115540
144960015R
144960001R
8200880552
8200008761
1449600001
8200331958
8200331958
8200140970
144505331R
8200142349
8200981497
3513192036
8200142349
8200247086
7700838130
8200208708
8200981497
144964990R
144966078R
8200700172
8200360086
144604599R
144962803R
8200411160
8200527669
8200981497
144960023R
8200560053
144960001R
8200115540
8200730597
8200142349
144967867R
8200527669
8200166828
144963014R
8200301884
7701057121
144960015R
7485120579
144960015R
8200331958
8200981497
144967867R
144967634R
8200488871
140132119R
144613211R
8200488871
8200219497
8200177586
8200527670
8200142349
8200115540
8200527670
8200166828
8200301883
8200687468
8200115540
8200981497
8200142349
8200360086
8200360086
8200424155
8200527670
8200283043
144961381R
8200218988
8200166828
7700312903
144967634R
144604599R
8200218988
8200981497
8200981497
8200075810
8200008761
8200115540
8200730597
8200730597
8200730597
8200730597
8200730597
144963014R
8200008761
8200142349
8200527670
8200981497
144961381R
8200115540
8200981497
8200170504
8200527670
8200527670
8200527670
8200047162
8200219497
7701044406
8200527670
8200527669
8200527670
8200527670
8200527670
8200166828
8200166828
8200166828
8200166828
8200981497
8200360086
8200471885
8200471885
8200468425
8200527669
8200527669
8200981498
8200471888
8200471885
5010315371
144964990R
8200166828
8200411160
8200411160
8200471885
144600374R
144609787R
8200427469
144602500R
8200384940
8200201617
144960001R
8200409045
8200115540
8200219497
144602500R
144609787R
8200880552
7701057121
3513192011
5010382814
7701057121
8200219497
144613211R
8200471885
144961381r
8200115540
3513192011
8200331958
144602500R
8200306925
7700874594
8200306925
8200331958
144602487R
144602487R
144602487R
7700438038
8200047162
8200175069
8200073413
8200140970
8200170504
8200937822
7700874594
8200880552
8200732390
8200411160
7700838130
8200047162
7701057121
8200115540
8200301883
144965154R
144960015R
8200301883
8200427469
7701043695
8200221885
144960050R
8200301883
8200325003
144962803R
8200880552
8200325003
214100014R
144963358r
144960015R
7701043695
8200301883
8200301883
144961381R
8200468425
8200527669
8200471885
144960022R
144963358R
144960022R
8200471885
8200115540
8200115540
8200075810
8200471885
7700312903
144961285R
8200369311
8200115540
8200008761
144969690R
8200424155
8200471885
8200468425
8200047162
8200468425
7700838130
8200369311
144960015R
8200008761
144961381R
8200700172
8200471885
144961381R
144966051R
7700438038
144963234R
144618748R
6001548727
144618748R
144618748R
144965154R
144965154R
144965154R
144961381R
144960015R
144963014R
144964990R
8200008761
8200252209
144962803R
144960001R
8200411160
144964990R
144961381R
144960006R
8200008761
7700874594
8200427469
8200471885
8200325003
214000035R
144960001R
144969568R
8200115540
8200468425
144963014R
8200880552
8200115540
7700838130
8200409045
8200427469
8200273171
8200471885
8200880552
8200427469
144967634R
8200471885
8200471885
144968670r
8200411160
7700312903
8200411160
144963358R
8200411160
8200411160
144608527R
8200075810
8200411160
8200409045
8200471885
8200468425
8200301883
8200292773
8200292773
8200115540
8200496310
8200219497
144963014R
8200301883
8200115540
144964990R
144963541R
8200880552
8200306925
144964990R
7700437017
144960001R
8200468425
144962019R
8200115540
144960015R
8200292773
8200411160
8200140970
144600003R
144960006R
144613211R
8200411160
8200115540
144960001R
5010315559