410605536R
0986494517
2366900703
0252393018
0252330218
0252330218
0252330218
410600032R
0986494867
0986460932
0986494661
7701206369
0252596515
0986494032
0350302167
0252487113
0986494387
0252487113
0252487113
0252487113
0252596515
0986494090
440600264R
0986494090
7701207187
440603905R
0350301537
0350598558
0986494592
410601237R
440600866R
410609646R
1263701910
2570200702
0986466683
5001844747
5001844747
0252467318
0252355717
0986494387
0252487113
0252096117
6025371650
0252366916
410600012R
0986494600
0986494816
440602466R
440602466R
0986494127
7701205491
6025371650
1304605843
7701209864
6025407835
0986424533