7701207897
432000367R
7700314107
7700780077
7700780078
7701208848
2401240223
7701206924
7701205842
402063149R
0986479270
0986479274
0986479276
0986479277
0986478744
0986479488
402060540R
402069518R
7701207898
402020003R
0986479007
6155210011
8303251156
0986478305
5010260603
7701472838
432006506R
7701207611
7701472838
7700314064
432007595R
0986479007
402020005R
402067016R
402061200R
4363201100
8200171765
6001548578
6025304079
6025370406
5001864712
5010260609
6025304079
6025370406
7701207795
432020016R
6025304073
6025304079
4154200001
4154200701
7701207795
0986479573
5001864712
5010260609
7701207897
402068234R
7701206609
0986479695
7701206613
8200007121
7701207795
6025304079
6025370406
6025304079
6025370406
432068231R
402066300R
7701207795
7701207898
0986479274
432007343R
0986479276
0986479684
2401080116
2401110166
432068231R