7701070650
0280130107
0280130026
0280130026
2464509015
0280130129
5000791108
2464509015
2464509015
2464509015
2464509015
2464509015
2464509015
2464509015
2464509015
2464509015
0280130129
0280130107
0280130107
7700828565
0280130107
0280130107
7700805612
0280130129
0280130107
0280130129
0280130129
0280130107
0280130107
0280130107
7700828565
7700828565
7700810880
7700805614
7700805266
7700810879
7420783898
7439186486
7700828565
9624350280
7439186486
7439186486
7700810879
226300007R
7700829427
7700819641
7700839072