0986478590
402060002R
432025057R
7701207898
7700756572
7701204286
8200249353
8200663193
7700302128
6001001601
7700627732
402064408R
7701204291
7700778708
7701206613
8200007121
7701206614
8200663193
0986479195
0986479445
0986479273
0986479610
6155230016
6155210030
0986479611
7701472838
7701207378
7701207898
432021878R
402061200R
0986478744
7701472838
0986478734
7700314064
402063149R
402062212R
0986479684
402066352R
0986479277
432001539R
402060002R
0986479276
8200244108
7701206614
7701207823
0986479270
7701206328
0986479274
7701207898
7701713008
7701472838
7701208848
7701205228
5010422262
8200688880
0986479277
7701208230
7701472838
0986479270
0986478390
0986479708
432001539R
432001868R
8200209774
7701713008
6155216030
7701208848
2401240223
7701208848
7700314107
4154200101
7701210081
0986479779
0986479555
402060540R
402069518R
8200244108
402068234R
7701207823
8200038305
0986479708
7701207795
402063149R
402062212R
0986479708
7701207227
8200041558
7701206339
6001548578
7701206614
7700314107
432067943R
402060010R
402064151R
7701207227
0986478305
402060010R
6025304073
6025304079
7701206328
5000388057
7700800002
7701204295
7701207823
402060010R
402064151R
7701205086
7701205230
7700561367
0986478305
4154200001
4154200701
2401080112
5010422263
0986479274
402064408R
7701207227
7701206614
8200007122
7701206613
7700314064
402022291R
402020003R
7700802231
8200367094
7701207897
2401240191
402060002R
402062212R
7701207898
7700802231
7703004176
7700302128
0986479445
0986479277
0986478744
2401110182
2401100389
2401110101
7701207795
0986479273
0986479270
2401280287
2401080118
2401110167