7711135965
3000951059
7711368146
3000154001
3000950663
3000168101
302059322R
8201004791
302052307R
7711368148
7711135439
8200251601
7711134809
302057048R
3000950663
3000168101
123105323R
302053202R
302058570R
3000950663
3000168101
3000168101
3000950663
3000950663
3000168101
7701466857
7701466003
7711130032
7701471993
7701470691
7711130032
7711135970
7711134850
7711497220
123104345R
123103802R
7701476180
4152500001
302050237R
7711135431
302050237R
0350009312
0350006730
3000168101
3000822801
3000822801
3000822801
3000950663
3000168101
3000168101
7711497171
3000951059
7711135431
7711135431
3000951585
3000951585
3000951585
3000822801
3000950663
302053062R
123000001R
8200828444
7701479194
302051469R
7711135972
302051190R
3000154001
123100001R
302101852R
3000951079
7701479194
7711134888
302050237R
302052617R
302058324R
301017232R
3000951567
123106789R
7701476180
4152500001
7701472757
7701475386
7701473307
0350003433
3000951079
7701476180
4152500001
8200620330
7701473674
7701472771
3000950085
8200016962
7701470690
3000154001
3000154001
3000154001
8200016962
7701470690
8200016962
7701470690
7701472000
8200828444
3000951059
3000951079
7701476933
7701473112
3000950663
3000951079
3000951079
302050901R
8200187171
6001545498
7701477017
7701467224
7171471838
7711134063
7701465180
7701471838
7701477112
7701477055
7701471993
7711134823
302051170R
7701478125
302055852R
302058570R
302051170R
7701476001
7701476933
7701479194
3000951567
8200907219
8200907218
302052307R
7711134827
7711134827
7711135439
302052617R
7711368198
7711135963
7701479194
7711135963
7701479194
7711135963
7711135374
7711135431
302052223R
6001548020
302050901R
302052307R
7711134827
7701476973
302050901R
302052617R
7711497028
302050418R
302051170R
8200572457
3000831501
3000951103
123104345R
3000950663
302058324R
123101804R
3000951079
7701476934
3000154001
123104345R
7711135431
302052617R
302052307R
302050237R
3000951333
3000440001
7711134827
302100495R
8200150155
8201004791
302107571R
123103802R
8201313792
8200150155
8200218203
302103451R
302107571R
123108271R
7700314992
302053062R
9807707080