7711135428
7701477814
3000951079
302055016R
8201516550
123106789R
123104345R
302050831R
302050831R
123108271R
8201516550
3000990089
7701467224
7701477055
7701471993
7701472757
7701475386
7701469423
7701477055
7701471993
302054818R
302052307R
302058621R
7701479051
302053412R
8201082887
7711497028
7711135971
123102067R
302053448R
3000951142
3000951567
3000951324
3000951567
3000950663
302103950R
3000990142
7711368143
7701478114
7701475246
8200263297
302052315R
7711497160
7711135428
7711135428
3000951334
3000951324
7701476934
3000951334
7711135978
7711135437
7711368145
7711368167
7711368149
302055779R
302056476R
7701476934
123108982R
7711134977
3000970090
0350009303
7701479062
302051674R
302050736R
302052617R
7701478122
302052617R
7701478122
7701473583
7701472769
3000950538
3000951079
3000951324
3000951324
3000951204
3000950538
7701468868
7701205131
3000951079
7701479161
7701479161
7701478109
7701479051
7711368167
7711368167
8660004313
7701479161
7711134977
3000951333
7701466686
7701473674
7701472771
3000950758
7701471838
7701477112
7701467494
7701469244
7701472770
7701473668
3000950758
3000951333
3000950538
8201516550
7701478171
7701476934
7701468869
7701205131
123101804R
3000951391
3000951079
3000951333
123101804R
302052229R
302053201R
302053102R
7711368146
302058570R
7711368139
7701472769
302058570R
7701477877
7701478637
7711135963
7711497431
7711497430
7711368139
7711134977
302059239R
7701476327
302059239R
302059239R
7701477017
7701463623
7701472068
7701475246
7701476933
7701473112
4000910001
123104345R
302053536R
3000950601
123104345R
7701464763
7711497029
302103950R
3000951295
3000951997
7701479051
3000951391
3000950651
123101951R
302056476R
302057503R
302107376R
302103451R
302105353R
302104206R
123103802R
302059399R
302050418R
123107079R
123107183r
8200926712
302050831R