302055634R
7701475945
3000990142
3000951997
302053201R
8201184888
3000951295
3000950601
7701475910
7701475910
3000950601
3000950601
7701478799
7701474546
7701472700
7701475345
3000951746
3000990089
7701475910
3000950601
3000950601
3000951908
3000950677
3000950647
3000950647
3000950647
3000950601
3000951295
3000950601
7711497536
8201184889
3000950658
3000951142
3000951391
3000990099
3000990128
3000823301
3000950647
3000950658
3000950677
3000951969
3000950658
3000951142
3000951391
3000951746
3000990381
3000950601
3000950601
7701479126
3000834202
302054100R
3000951375
123100916R
3000951295
302057116R
3000951908
3000990116
7711135078
7711134856
7711134833
8201516550
302058739R
302056114R
3000951908
123103802R
3000950601
3000951295
3000950677
302057116R
3000951128
302050667R
7701479007
302053536R
302058570R
3000970084
3000970084
3000970084
3000990403
3000950538
7701478799
3000951997
3000951295
3000951926
3000951997
3000951295
3000951219
3000951219
3000951295
3000951295
3000951295
3000951219
3000951908
3000951997
3000951997
7701475945
302052305R
302057116R
302050001R
302053110R
3000951997
3000951997
3000951325
3000970097
3000951997
3000951295
3000950677
3000950601
3000950551
3000950551
3000950551
7701477838
7701478171
302053679R
7701477877
7701478637
302058039R
7701468625
7701469166
7701474546
7701477056
302054848R
7701475974
302053679R
7701477877
7701478637
3000951295
3000951295
3000950677
3000951997
7700873440
7701472771
3000951128
3000951375
3000951103
3000951219
3000951908
3000951128
3000951103
3000951997
3000950677
3000950677
3000951997
3000950677
8200509419
7701476934
3000950677
7701205090
7701471744
3000951295
3000951997
3000990142
3000950651
3000951986
3000951330
3000951330
3000951997
3000951969
3000950677
3000951391
3000951142
3000951220
3000990386
3000951375
3000951338
3000951997
3000951969
3000951142
3000950677
3000990386
3000951375
3000951338
302058134R
8201184888
7701475910
7701475910
7701474546
8201184888
8201184896
302054848R
302053102R
8201184888
7701477029
7701477031
7701477838
7701476934
306200650R
7701476248
7701471218
7701474139
7701474138
7701475910
123108982R
302057908R
3000951103
7711135965
3100008204
3000950677
7701475311
3000950601
8200583737
302107376R
8200879686
7701475945
302056114R
3151000404
123107183R
8200859892
302052316R
302059399R
231008040R
123103802R
302107376R
8200926712
302107376R