3000951380
3000990326
3000951380
7701468337
3000990326
302053062R
302186786R
3000951380
3000951380
3000990326
3000990326
7701474518
3000951380
3000950602
3000990116
3000951942
302050618R
3000990101
3000990094
3000950602
302052965R
3000951395
3000951380
302056600R
302056600R
302056600R
302052305R
302052965R
7701476589
3000950707
3000950707
3000950707
3000951931
3000951931
3000990445
3000990445
3000951931
3000951931
7701478098
3000951942
3000951942
3000990445
3000951942
3000951380
3000950707
3000951944
302057590R
7701478799
3000990411
302052965R
302052965R
3000990094
3000990094
3000990101
3000990094
3000990101
3000990101
1230406910
3000951380
7701472240
7701475532
302056476R
7701475465
3000951380
7701472240
7701475532
302056476R
3000990490
3000990094
302056476R
3000950719
3000950719
3000951258
3000950719
3000951320
3000950719
3000951258
3000950719
3000951320
7701479126
7701479299
7701478098
7701473300
7701472255
7711134838
3000950707
3000990093
3000990094
3000990407
3000950644
3000950629
3000951258
3000951380
3000951320
3000951320
3000990394
3000951319
3000990101
3000990101
3000990382
302056600R
302057908R
302050667R
7701477963
123109099R
3000951380
302058739R
8200882534
302052965R
123106789R
123106789R
123104832R
302056600R
2440755775
2440755775