3000950713
3000990329
3000950713
3400700449
123006354R
7701479062
2290601092
123106337R
3000990408
7701205459
7700874795
302056909R
3000950713
2290601092
3000990393
3400700444
302105151R
7701473536
7701472256
3000950713
3000990329
3000951944
3000951944
3000951944
5001853640
3000990329
3000950713
7701477963
3400700449
5001853640
3000950713
3000950713
123105630R
3000990329
3000990329
3000990329
3000990329
3000950713
3000950713
7701477690
7701478638
3000990329
3000990329
3000950713
3000990329
3000990095
3000990095
3000990095
3000990329
7701472768
8200143210
302051920R
3000990329
3000950713
7701478729
3000990441
3000990329
7701472768
3000951319
3000990329
3000990095
3000951944
3000990095
3000990410
3000990399
3000951944
3000990409
3000951938
3082001843
302059239R
123101516R
7701474546
123009041R
123101986R
3000990329
3000950713
1862379031
123101804R
302106552R
302106552R