8201290863
8201290863
8201290863
8201290863
8201290863
8201290863
8200902784
8200855816
306202443R
8201290863
8200039836
7700110348
8200283479
8200124021
7700111632
8200846748
8200609202
8200654810
3182654204
8200855816
8201290863
306202443R
3182654142
8201035313
8201290864
306202443R
8201290863
8201290863
8200764610
306205974R
8201290863
8201290863
8201290863
306202864R
306202804R
8200902784
8200846748
9700514300
8200846748
8201290863
8201290863
8200157765
8200842580
8201290863
8201290863
8201290863
8201290863
8201290863
8201290863
8200039836
8200902784
3182654146
306206822R
8200459155
8200902784
3182654166
3182654142
3182654165
306205626R
306200650R
5010244109
306206219R
8200902797
8200764613
306206822R
8200902784
306209222R
8200902784
8201290863
306202313R
8200039836
306104007R
8200459155
8200855816
8200124021
8201035311
5010452472
8200420627
8200764613
306206652R
306205974R