8200416590
0986479195
432003112R
0986479488
8200002874
8200244108
7700802231
7701204305
8200002874
8200244108
7700802231
7701204305
8200736267
0986478734
0986479109
0986479271
0986479761
0986479015
0986479555
402060010R
0986479273
402060003R
402020005R
402020003R
0986478598
7701206614
0986479445
0986478970
0986479445
402020003R
402066300R
8200266043
8200381148
0986479007
0986479271
0986479007
0986479007
0986479195
0986479195
8200209774
7701472838
7701208230
432022742R
0986479761
0986479271
8200244108
402060002R
402064408R
0986479610
7701205843
7701206198
7701208848
6155210014
0986479195
4154200101
7701210081
7700802231
7701205231
7700802231
7700830283
402062212R
0986479015
7701206924
8200018407
7701207897
8200046548
7700802231
7700830283
8200007121
7701206613
7700314064
7700314064
7701206673
0986479679
0986479195
5001874635
7701207227
8671019318
0986479488
8200381148
402066300R
7701206328
8200209774
0986479554
402060019R
432006506R
5001871281
7701205230
7701205842
7700302128
0986479270
7700314107
402061200R
5001864712
5010260609
7701206613
8200007121
5010260604
8200007122
7701206613
8200007121
5010260603
2401260161
7711130077
8671017102
402060002R
2401260158
5006172150
7701207897
402066300R
7701206673
8200020851
432000016R
402061200R
4154200101
402060010R
402060540R
402069518R
7701206328
0986479015
2401110180
2401110174
0986479271
0986479009
0986479083
8200266043
2401120177
2401280288
2401110100
2401110173