7700314537
8200673234
8200039836
8200673232
306100009R
8200436139
306101984R
8200151770
306105606R
306100032R
8200176517
6284600793
8200019602
8200776229
8200019602
8200039836
8200039836
8200039836
6284600793
6001543166
8200523798
8200019599
8200019602
8200019602
8200776229
8200776229
8200776229
8200019602
8200776229
8200019602
8200039836
8200039836
8200039836
6284600793
6284600793
8200524724
8200151784
6284600662
8200524724
6284600793
8200506488
8200506488
6284600736
8200506488
8200506488
6284600736
8200506488
8200506488
8200506488
8200629194
306104118R
6001548446
306105360R
8200595252
306105773R
8200506488
6284600793
8200506490
306101984R
8200673232
8200151784
306100642R
306107593R
8200673232
8200506488
1230600300
7700431845
6284600793
6284600793
6284600793
306101984R
306100642R
6284605094
6284600625
6284600793
6284605094
6284600625
6284600793
8200492742
9700514387
8200019602
8200436137
8200459153
8200436139
8200176511
306100009R
8200444042
8200039836
306100642R
8200151770
8200151777
8200492742
306105773R
308513781R
8200039836
8200019601
8200320022
306101984R
8200506488
8200506488
8200673232
306204410R
7700431845
8200492744
8200506488
8200506488
8200506488
8200506488
308510327R
8200176511
8200320022
306100009R
7700431845
306100530R
8200151784
306100032R
8200506488
8200459155
8200673232
8200506488
8200019602
5010251357
308510002R
6284600793
8200506488
8200031239
8200023633
9700511240
9700511350
8200673232
8200673232
8200673232
8200673232
8200376458
8200039836
306105773R
8200506488
8200506488
8200506488
8200506488
8200506488
8200506488
7700314537
8200673232
8200673232
6284600107
8200151770
306100030R
8200506488
7700314537
7700314537
8200459155
8200376458
8200039836
306100018R
306100018R
8200039836
8200524724
8200673232
8200492742
306100642R
8200506488
8200506488
8200506488
8200039836
8200673232
6284600718
8200673232
6284600718
8200368406
8200019602
8200506488
6284600793
2101160261
8200673232
306105360R
8200039836
8200492742
8200151784
306100032R
6284600693
8200673232
6284600718
8200673232
8200506488
8200506488
8200039836
8200151784
8200151770
306104294R
8200151770
2424181701
8200506488
8200506488
8200492744
8200506488
8200506488
306101984R
4152900113
8200492744
8200615735
8200151785
8200151784
6284600662
8200031239
2101160261
2121160261
8200506488
8200148787
8200148787
8200148787
8200148787
8200506488
306107265R
6284600736
8200019602
8200506488
8200506488
8200506488
8200506488
8200506488
8200506488
8200506488
8200506488
8200506488
306106472R
6284600107
6284600736
8200436137
8200436137
8200436137
8200436137
8200436137
8200523798
306100394R
306100030R
8200444042
8200444042
8200444042
8200506488
8200151770
8200436137
8200019602
8200444042
8200436137
306100017R
8200019602
8200419418
306107623R
8200031239
8200524724
8200506488
8200436137
6284600702
8200506488
8200506488
306105773R
6284605094
6284600751
8200673232
8200492742
8200057020
306107761R
306105773R
8200492742
306100642R
308516719r
8200506488
8200039836
6284600793
306100394R
7700314537
8200506488
306105773R
306100017R
306205974R
306100018R
878161992R
8200019602
306100018R
306100018R
306100018R
8200019600
8200673232
306105588R
306105241R
306105606R
8200436137
8200436137
8200436137
8200506488
8200444042
308610021R
306106472R
306100642R
306105773R
306105773R
306100018R
206100530R
308510034R
8200673232
306201586R
8200492744