6284600649
6284600693
6284600794
306100642R
8200436139
306101808R
306109084R
8200492742
6284600694
6284000045
8200151770
306100642R
8200776229
8200019602
306100009R
8200019600
306105773R
6284605090
6284605089
6284605094
6284600665
6284600656
8200151770
6284600777
6284600794
6284600777
6284600777
6284600623
8200444042
306105606R
6284600664
8201290863
5001834842
5001834842
7700314537
7700425952
6284600623
8200776229
8200102464
8200764612
6284600623
6284600649
6284600649
7700425952
306100032R
6284600648
6284600663
6284600649
6284600649
7700314537
8200459153
8200459153
7700314537
8200151784
7700425952
8200459155
8200376458
7700431845
8200436139
6284600648
6284600649
6284600649
6284600153
6284600153
6284600153
6284600153
6284600702
8200151770
2424181701
306101808R
306109084R
8200019600
8200151784
8200524724
6284600718
6284600794
6284600663
6284600699
6284600777
6284600649
8200436137
8200151770
306100032R
8201035311