7700421960
7700428748
7700432383
3074600240
3074600240
8200426378
7700428748
7700432383
7700431360
7700428748
7700840097
6006004557
2437281006
7700423684
7700429330
7700421960
7700435284
6025103090
6025103091
7700802682
7700832877
7700428748
7700432383
7700421960
7700421960
7700840097
7700417050
7700421415
6025304915
6025304915
7700423684
8200506488
8200098019
7700417050
7700413206
7700413206
7700435320
7700432383
2437281030
7700432383
7700428748
7700840014
7700423684
7700429330
7700432383
7700428748
7700840014
6025304915
7700430111
7700823050
7700430111
2437281019
6025304915
2437281027
6025304915
2437281027
7700745352
6006000873
6025304915
7700413206
7700840014
7700417050
8200694035
7700423684
7700417050
6025171256
6025171255
7700840097
8200018668
6001546867
7700799501
7700432383
6025103090
6025170727
7700840014
2437281022
7700432383
2437281030
6001548445
6025103090
6025170728
6025304915
2437281027
7700429330
7700843206
7700423684
8200073170
7700421960
7700423684
8200073170
7700413205
7700413206
7700827853
7700813657
7700413206
7700840014
7700417050
3074600240
3074600149
3074600269
2437281026
3074600271
2437281030
2437281023
2437281024
2437281016