0986479679
0986479453
432002188R
0986479446
0986479610
0986479555
0986479555
0986479610
7701207227
8671019318
8200007121
7701206613
0986479610
0986479109
7700805006
7700805148
5010260604
402060540R
402069518R
7701206614
432064087R
5010260603
7701208230
432002188R
0986479009
0986479714
0986479109
0986479555
6155230017
0986479015
0986479009
0986479277
432025057R
8200663193
7701206924
432003112R
7701208849
8200266043
6155230018
6155230018
6155230018
6155230018
6155230018
7701472838
402064155R
0986479009
432000007R
432025057R
8200244108
8200381148
402001539R
7701206924
402060012R
7701205086
7701205230
0986479209
402060002R
7701208848
2401240223
7701208848
402064408R
402060002R
0986478734
0986479109
0986478734
0986479679
7701207898
8671018107
0986478970
0986478734
402060002R
402060013R
7701206673
8200020851
7701206673
8200020851
7700302128
0986478734
402060002R
402060013R
7701206673
8200020851
7701206673
8200020851
432000367R
7700800002
7701205844
7701206614
8200007122
7701207378
8200242317
7700802231
7700830283
0986478970
0986478970
402066300R
5010260603
8200171765
6001548578
7700802231
7701205231
7701207897
0986479555
432000007R
432000007R
402061200R
8200046548
7701207897
7701207357
0986478734
7701208230
0986478734
7700302128
402066300R
4154200001
402060010R
402064151R
7701208230
2401110161
8200010519
7700802231
7700830283
0986479551
0986479271
7700426389
7701205086
432000367R
7701209839
2401240222
7700426389
7701205086
7701206613
8200007121
7700802232
7700841563
7701206673
8200020851
7701207378
8201464598
0986479144
0986479083
402060003R
0986479009
402066300R
402060540R
432068231R
7701206831
8200019581
402060010R
402064151R
4154200001
7701209839
402060010R
402061200R
402067016R
402060010R
402064151R
2401280132
7700314064
2401110184
432028136R
432025057R