7700113066
8201393207
8200110893
8200666173
7700413206
7701053596
123002039R
5001863718
7700435320
7701053559
7700421960
7700431360
7700417050
8130715601
7700431360
6025304915
6025304915
7700431360
7700421960
465037304R
149568021R
8200822404
7700413206
7701053596
402107314R
7701053596
8200666173
8200150155
7701476568
7700840014
7700827853
7700827853
7700827853
7700435320
7700840014
7700417050
7700840014
7700826530
6006003790
5010452527
308516745R
2440755775
8200157880
8200051677
8200051677
8200157880
2440755775
7700116268
2440755775
1305230764
1305230764
1305230764
2440755775