3082107141
3082119131
302058570R
5000055986
3082133041
7701476327
3082107141
7701479306
7711497536
302053302R
7711497220
8201516550
7701475437
7701475311
7711368148
7711135970
7711134835
7711135437
7701479051
7711497029
3020507073
8200882534
3082133041
3082133041
0350263105
0350263927
302052617R
7701477032
302052727R
7701475298
302056172R
302053062R
301010007R
7701475246
7711134833
302102934R
7711135978
7701475664
7711135439
7701479173
7701470691
7701471993
7701472773
7711368167
7701477112
7701478115
7701478190
7711134828
5001839973
7701477017
7701478559
7701475348
302050901R
302054956R
302058134R
7711497161
7711134823
7701477055
214103569R
7701479126
7711135431
7711135428
7701469166
7700107216
7701475353
302053536R
8201184896
7711135374
7711368139
7701479194
302054848R
7701470987
7711135963
302057116R
7711134827
7700722064
8200187171
6001548017
8200527569
3082107141
7700300046
8200335084
302100845R
5000677290
3482123243