402060003R
432009822R
402069741R
432000007R
7701204523
7701204901
0986479717
432000367R
7701206328
7701206613
8200007121
5010260604
432008191R
0986479342
0986479342
402067025R
0986479108
402020005R
402060003R
432000367R
432000007R
8200688880
0986479723
0986479717
402064151R
402060010R
6155210011
7701208130
0986479714
0986479342
0986479717
4154200001
7701208848
0986479446
402061200R
0986479446
402020003R
7701207611
0986479209
432020021R
0986479551
0986479551
0986479551
432064087R
7700314064
7700302128
7701208849
2401240224
402061200R
8200570191
7701207357
0986479551
6001547684
2677509716
8200570191
7701207357
0986479198
402069828R
7701207897
7701207227
0986479679
0986479446
402064151R
402060010R
7701204293
8200046548
7701207897
402060010R
2401240221
4154200001
4154200701
4154200001
7701209839
0986479679
0986479679
2401260154
7701204523
7701204901
0986479551
7700802231
7700830283
8200196263
402060540R
7700314064
7700780078
7701204294
432000367R
7701208848
7701207357
4154200001
4154200701
402066813R
402060002R
8200007122
7701206614
402060010R
8671000759