0986479342
0986479342
0986479108
0986479342
7701207897
8200046548
7701208843
8200443024
0986479714
7701206029
7701207357
402060540R
402069518R
7701206613
8200007121
7700805006
7701207795
0986479743
0986479342
0986479199
0986479723
432000367R
432003112R
432003112R
432003112R
0986479716
7700314064
432064087R
402069828R
0986479198
432067943R
8200244108
0986479552
0986479714
0986479551
0986479717
402061200R
402067016R
0986479198
0986479198
0986479198
0986479198
0986479551
0986479714
0986479717
7701207611
7701206831
8200019581
7701206831
8200019581
8200019581
0986479551
0986479714
0986479717
432000367R
7700802231
7700830283
7700314064
2401260154
402069828R
0986479209
4154200001
4154200701
432067943R
402067016R
402061200R
432064087R
7700800004
7701204297
5010260604
432000367R
8200177024
7701207357
8200177024
7701207357
5001864712
5010260609
7701208130
8200266743
7701207357
8200177024
7701206845
5010260604
7701206831
8200019581
7701206614
8200007122
8200177024
8200242318
7701206614
8200007122
402069518R