370007837R
7711134786
8200216626
4343100700
7701352139
8200232886
8200264668
6001550692
7701468840
7701349879
6001547028
7701352473
8200375537
7701352021
7701349998
7701352471
7700110482
7701349172
7701351989
7700106018
7711135420
7700103731
7700109334
8200379208
8210353627
8200334338
7700112689
7700102979
3020041901
8200690053
3020041900
7700111918
7701349994
7701349914
7700106291
8200236109
8200330413
6001547029
3020041900
8200511122
391012360R
8200216625
1607237280
6001547029
7711135775
391001702R
7701352596
8200228393
8200169288
7701352774
7711135414
7700873322
7711134785
7701473010
6001548660
7711134777
8200226057
8200444438
8200169291
8200024622
7701349873
7700106009
4343103000
7701349689
7700112507
7701349689
7700112507
4343102000
7701351607
7700102979
7700112116
7701349914
7711135321
7711135321
4343101480
391011681R
8200557126
8200482435
8200590370
391015656R
2034105406
391001137R
2114108906
391004298R