5010143741
5010143741
8200687739
8200236107
3910101111
3910101111
3910101111
3910101111
7701352489
6144980037
8200414939
7711135416
7711135414
8200232886
8200276640
7701352775
7701351989
7711134780
6144980037
5010583006
7701352774
3020041901
7701352618
6144980035
7700112149
7701352597
6144980035
6144980035
8201187929
7701352552
8200687740
7711368091
7700105485
7700102981
391004255R
7700102978
8200276640
8200171562
7700106263
8200414937
7711135531
8200535800
4343100500
7700112147
6144980036
6144980036
7711135411
8200987033
370005068R
5010251725
370005068R
5010583006
391008707R
5010524626