397410001R
7701470567
7700103943
7701209255
7701209993
7701202237
7701209475
7701463955
7701209256
7701209884
7701013803
397410001R
7701473830
7701209254
6001551490
7701473830
392414459R
7701209238
7701209238
392413815R
7701209990
7701209254
7701210043
7701468573
7701470566
7701209473
7701209992
7701209473
7701209466
7701209474
7701209615
7701469416
7701209243
7701467125
7701209615
7701209466
7701209474
7701209615
7701469416
7701209243
7701467125
7701209615
7701209251
392414459R
6001547767
6001543333
7701471522
8200017057
7701473830
6001547699
7701464129
7701463955
1614495001
6001547699
7701465489
7701035317
7701209238
7701209238
392417848R
7701209238
7701473830
7701467125
7701472975
7701470910
6001547699
7701465489
7701209253
7701209991
7701209251
7701209243
7700114918
7701209472
392413815R
392419256R
7701209830
7701209247
7701470566
7701209475
7701466983
7701469416
397411935R
7701209253
7701473830
7701209990
7701470910
392417848R
7701210063
7701207566
7701468573
7701470910
7701469418
7701209467
7701035317
7701209992
7701209469
7701463955
7701470910
7701468573
7701470566
7701209241
7701209244
7701209247
392410001R
7701470566
7701209252
392417848R
7701470566
7701470566
397410001R