402060012R
7711130076
7701208849
0986479343
0986479682
0986479343
0986479716
432067943R
5010260609
5010260604
2401220266
7701206613
8200007121
5010260603
8200688880
7701206327
7701206328
5001871213
5001864712
5010260609
0986479343
4154210412
5010260603
2401260161
432064087R
8200123117
6001547683
8200123117
6001547683
7701206613
8200007121
402060003R
0986479743
0986479743
0986479716
0986479743
0986479565
0986479716
0986479343
0986479343
0986479552
0986479682
0986479682
0986479716
432020021R
0986479716
0986479682
7701207378
8200242317
402062000R
7701207823
432024048R
7701206831
8200019581
7701205086
7701205230
8200266043
432020021R
0986479144
0986479565
0986478745
6155210029
402060002R
402067023R
0986479199
0986479682
6155210049
402067023R
402060002R
402020003R
0986479743
0155230041
0986479682
0986479199
0986479743
0986479198
0986479552
0986479682
402064155R
402060003R
7701472838
0986479552
0986479552
0986479199
0986479743
0986479198
7700302128
7701206924
8200018407
7701206831
8200019581
7701206831
8200019581
402060540R
402069518R
4154210412
0986479198
432000007R
7701204901
0986479199
7701207897
8671017844
432000367R
5001871214
7701206673
8671012049
7701207378
8200177023
7701207897
8200046548
0986479552
432067943R
7701208849
7701208130
2401280223
432001868R
432001539R
432067943R
7701208849
7701208130
2401280223
432001868R
432001539R
432064087R
5010260604
7701208849
402069828R
402069828R
402060003R
2401280245
7701207897
432067943R
7700314064
432068231R
7701206614
8200007122
7701207898