7700600516
8200559512
8200602628
8200600466
805030011R
8200160653
8200386298
0261230491
8200599842
8200610179
8200064493
8200156391
8200160653
8200370824
2517253301
7700600516
0261230503
7701700511
8200977061
8200193994
7701700552
8200500871
8200064493
8200156391
112531366R
8200559512
112221641R
8200128325
8200131489
8200559512
8200584877
2500606800
8200907117
8200977061
8200370364
8200399038
250825784R
112221641R
8201057476
2500606900
8200128325
8200210039
8200361232
8200559512
8200128325
7700600106
8200166683
7701700574
8200166682
8200128325
8200156391
8200361232
8200297662
112332602R
277228552R
8200166682
8200859980
8200156391
8200361232
8200065323
8200156391
7700105692
8200559509
8200156391
8200011891
8200210039
8200815546
112338883R
8200361232
8200361232
8200370824
7701717857
8200156397
8200005323
7700105692
7701706337
8200133311
648606762R
8201065255
112225095R
112332602R
8200388620
8200166683
7700599287
8200361232
8200977061
8200064493
8200361232
8200388222
8200780816
8200459672
8200434781
8200977061
8200559512
8200790641
7700599332
8200361232
8200064493
3433201025
308513781R
8200065323
8200133909
8200562298
8200370824
8200165228
7701717734
391013387R
8200166683
7701717857
8200977061
8200297662
8200166683
7701713296
8200408974
8200165215
8200370824
8200128325
8200128325
8200297662
8200156391
7701717783
8200011891
8201065255
8200011892
8201065255
8200011892
8200584877
8200361232
8200156391
8200907117
7701713296
8200907117
8200156391
8200165215
7701719167
320105487R
391018662R
8200790639
8200156391
8200065323
8200165228
8200361232
8200559512
7700600037
8200011891
8200065323
8200065323
7701717852
8200065323
8200156391
8200370824
7701700552
8200370824
8200559512
7701717852
8200156391
8200559512
8200559512
8200500871
8200017300
7700113677
8200780816
7700599940
8200128325
9053201095
8200183331
1323301009
8200133909
8200166683
7700113677
7700113677
7701700553
8200459875
7701723236
7700598840
8200156391
7701717782
8200977061
8200116128
8200210038
8200166683
8200386298
7701723233
7701717857
8200790637
8200790637
8200786560
8200165215
8200361232
8200370824
8200156391
7701700553
8200156391
8200131489
7700060051
804012886R
8200907117
7701700608
7700598840
7701700552
8200361232
8200156391
8200156391
8200210039
8200065323
8200459875
7701717702
7700508997
7701700553
8200361232
8200459875
8200361232
8200361232
7700598840
7701723412
7700598840
8200064495
8201042105
8200370824
8200065323
8201065255
8200361232
7700598840
8200064493
8200370824
7701701740
7700598840
8200377291
8201065255
8200166683
8200361232
8200065323
7700600037
8200459875
8200166682
8200156391
8200128325
8200361232
8200210039
7701700551
8200156391
8200361232
320103058R
8200361232
7700598840
8200705020
8201065255
320106294R
8200166686
8200156391
8200361232
8200065323
8200133909
8200025744
7701696333
8200977061
8200500871