8200146554
8200004043
8200586018
8200017300
7701700553
8200137170
8200805160
7700874852
8200165228
7701667397
7701700527
7701700522
7701700527
8200146554
8200146554
7700110712
8200667177
8201042105
0003040147
8200377292
7701723413
7701723413
7700110712
7701696334
304016619R
8200137170
7701696334
8200977059
7701667397
7701723425
7701685979
7701700598
8200064493
8200133909
8200133012
8200952941
8200133909
8200786560
8200017300
8200434781
5000673986
8200064493
7701719152
8200011891
8200210038
8200297662
7700600037
8200017300
7701719152
8200584879
320108291R
304016619R
8200388222
7701717857
7701717785
8200377291
320106758R
8200361232
8200146554
8200165228
123109099R
7701717734
7701978577