7701722987
319420852R
7701717857
7701717858
170428098R
8201065255
8200367222
304010877R
7701477812
320109079R
320104881R
8200726843
8200562320
170428098R
7701723270
170428098R
320109347R
8200586018
0260001053
1323301054
320104560R
8200737547
320103599R
320103599R
7701717777
8200064493
7701723417
320104000R
7701718735
8200308422
7700600228
8200065326
8200017300
8200183550
8200402451
8200726841
7700598840
8200308422
8200165222
8200017300
5010243026
8200308422
8200017300
8200707909
2052705501
8200240244
8200546200
8200065323
8200398619
8200388222