0986479760
0986479278
0986479668
402064155R
432029079R
0986479760
402064155R
8200655249
0986479760
0986479668
8200007122
7701206614
0986479565
0986479759
0986479760
7701206328
4154200102
0986479668
0986479278
0986479760
0986479668
0986479668
0986479760
0986479668
0986479278
0986479724
0986479695
0986479573
0986479759
0986479760
0986479554
0986479280
0986479759
402064155R
7701207823
0986479278
0986479724
0986479607
0986479724
0986479278
432007595R
432001539R
0986479278
6155230022
0986479278
8200244108
0986479695
7701208850
402060010R
0986479607
0986479759
0986479565
0986479668
8200688880
402060003R
402064155R
0986479278
432006506R
432006506R
0986479724
7711130076
7701207795
7701207357
8200177024
8200688880
8200196263
0986479565
0986479668
0986479759
0986479759
8200177024
7701207357
432006506R
0986479759
7701207378
8200570677
7701207378
8200177023
7701206831
8200019581
7701206831
8200019581
0986479607
0986479724
0986479607
0986479607
432001539R
7701208850
7701208850
7701206328
2401110166
8200171765
6001548578
7701208130
7701207357
8200177024
7701207823
2401080114
0986478744
7701207823
8200038305
402069828R
402069828R
7701207823
7701206614
8200007122
402975316R