349301175R
237313661R
8200196615
7701479154
7701474701
7701474700
7701474699
8200396768
8200022613
7701478033
7701474701
7701474700
7701474699
8200022613
5010545441
7701474701
8200396768
7701479154
7701474699
8200196615
7701479154
7701474701
7701474700
7701474699
8200396768
7701208174
7700870238
7701049088
8200435121
349359903R
7701474701
7703090549
7701474701
7701474699
7701479154
7701474700
7701474699
8200396768
7701474701
8200285624
349359903R
7701479154
7701479164
7701474700
7701474699
8200285624
7701479155
8200396768
7701479155
7701479164
8200396768
7701479163
7701479164
7701479154
349359903R
8200285624
8200101709
7701474701
7701474700
7701479154
7701474699
8200396768
7701474699
7701474699
1316338002
7703090361
9700514380
7420823919
8200297214
8200196615
8200440073
8200297214
8200298116
8200440074
7701208174
8200708092
7701208174
1312332028
7703090549
1316305001
8200435121
1316332101
302193490R
8200039656
8201516100
7701208174
7701208174
8200285624
7701479154
8200285624
8200396768
7701471586
8201083770
349359903R
8200240043
8200149102
8200297214
5010452429
8200297214
7701470938
7703090361
7701474699
7701470939
7701474700
8200285624
6025306288
7701470938
8200607980
8201083201
8200134485
349359903R
6025306287
8200285624
349359903R
9700514027
7700111166
7701474700
8201083201
349359903R
6025306288
6025306288
6025306287
6025306288
6025306287
7701470939
7701470939
8200285624
349359903R
7703090282
7703090323
8200128328
7700112239
8200708909
7701477814
7703090561
8200641094
7701208174
7700105261
7701477814
7701477814
7701477814
7701478461
8200298117
8200641095
8200163331
8201509378
8200984633
8200197478
8200860426
319351580R
8200708092
7701474700
7701479154
8200285624
8200396768
7701474699
7701474701
7701479155
7701479164
7701479154
8200396768
7701474700
319354903R
8200115697
7701071972
5010244033
7703090361
7701474701
7701474699
349359903R
7701479163
7703090549
8200217014
8200285624
349359903R
8200414097
7703090561
5000673691
7701474700
7701474699
7701479154
6025370612
7701479163
7701205170
7701474701
8200396768
383429361R
1316303036
8200270281
321132689R
8200285624
7701470938
349359903R
8200435121