309105236R
7700113488
8200645578
8200645578
7700115401
7700103418
310320117R
2517256424
8200298637
0260001053
8200486971
310320117R
8200645578
7700113460
7700102632
8200676160
8200488795
8200274277
8200335651
7701208174
8200197464
8200735819
310320036R
7700874128
2517256424
8200041428
8200274277
7700858898
8200458276
8200104471
8200256858
7700115401
8200212978
7700856311
7700861065
7701050147
8200269493
8200274277
8200865078
7700856312
8200548381
0260001028
8200148684
8200783539
7701050147
8200775316
8200754739
310320117R
8200144433
8200207499
8200458276
8200792976
8200623620
0260001053
8200695968
310320117R
8200561156
8200412942
8200033679
8200278614
8200775316
8200775316
0260001028
8200274277
8200677546
8200372254
8200677546
8200372247
8200783539
310320197R
310320047R
8200197464
310321233R
310320349R
8200749952
8200773042
8200269493
8200909096
8200784565
310320012R
8200412942
8200569554
310320117R
8200783539
8200677546
7700108763
8200775316
0260001053
8200306333
310320047r
8200723117
8200269493
8200104471
8200022406
8200775316
8200783539
8200775316
8200735819
8200104471
8200512207
8200645578
5010143626
7700111209
8200269493
8200274277
8200677546
8201000278
8200306333
8200306333
8200274277
8200488795
8200561155
8200561162