432007556R
7701207823
402060019R
7701206328
5010260604
8200177024
7701207357
7700314064
402024076R
8200007122
7701206614
7700827865
7701204293
7701206328
8660001815
7701206327
7701206328
7701206328
0986479196
0986479280
0986479280
0986479274
0986479573
432000015R
402022291R
7701472838
8200367094
0986479141
7701207898
2401100325
7701208230
0986479196
8200010519
432000166R
7701206327
7701206328
402060003R
402064155R
0986479276
7701207823
8200038305
0986479684
402060003R
402064155R
7701472838
7701713008
7701472838
8200367094
8200244108
8200649353
0986479684
0986479274
432009822R
0986479573
0986479271
0986479273
0986479196
0986479196
0986479274
432000010R
432006506R
7701207823
0986479684
402021651R
432029079R
0986479136
0986479276
402020005R
0986479573
0986479607
0986479573
0986479276
0986479607
432007556R
432006506R
0986479274
7701208850
7701207823
8200038305
7701207823
8660001811
7701207823
8200038305
0986479573
0986479280
7701207898
0986479276
7700828882
7701207611
7701208230
7701206328
7701207378
8200242317
7701207898
7701206327
7701206328
8200381148
7701208230
432024048R
7701207898
0986479270
7701205230
7701205842
402024076R
432004327R
0986479573
0986479573
7701208850
7701206327
432001539R
432007595R
402063149R
402062212R
402060010R
402064151R
8200381148
4154200102
8200381148
432007595R
432001539R
7701472838
8200381148
432001539R
432007595R
7701207823
8200038305
7701207823
432001539R
7701207898
402020003R
0986479196
0986479196
0986479274
0986479196
0986479196
0986479573
0986479280
7701207357
8200242318
432000007R
402029646R
0986479280
432006506R
7701207898
8660001812
0986479280
7700302128
7700827865
7701204293
5010422263
0986479280
0986479280
0986479196
0986479280
0986479280
7701206924
8200018407
7700426389
7701205086
7701208230
7701208230
7701208230
7701208230
7701208230
7701208230
7701207898
432006506R
432000010R
7701207357
8200177024
432004943R
432004943R
432004943R
432004943R
7701472838
7701713008
432001539R
8200688880
402063149R
402067615R
7701206327
7701206328
402060003R
2401280245
7701208230
2401110148
402020536R
432028136R
7701208850
7701208848
7711130076
2401120177
402060002R
402067023R
402066300R
7701207898
2401100325
7701208230
2401110148
8200218779
432001539R
432001539R
432001539R