7701207898
4154200102
402024076R
7701206328
7701206327
7701206328
8200663193
7701206924
8200266043
0986479009
7701206327
7701206328
7701207823
402060012R
0986479083
402020003R
402022291R
0986479273
7701207898
7701472838
7701713008
7701208230
8200244108
8200649353
0986479009
7701472838
8200209774
0986479015
7701472838
7701713008
0986478744
0986479707
7701472838
7701713008
0986479277
0986479539
0986479556
6155230018
0986479270
0986479270
0986479273
0986479271
432006506R
432007556R
0986479445
7701472838
7701713008
0986479273
8200244108
8200002874
432000015R
0986479709
7700827865
7701204293
8200639543
8200736267
402020003R
402022291R
7701207898
7711130076
0986479271
432006506R
532006506R
432006506R
532006506R
0986479083
402029646R
432000007R
7701207898
2401100325
402029646R
432000007R
0986479271
7701207823
402020003R
402022291R
0986479270
0986479009
8200002874
432029079R
8200177024
7701207357
7701204901
7701208054
8200266043
7701208230
0986479083
0986479271
432023939R
8200381148
8200381148
7700314107
402066300R
8200244108
8200649353
0986479009
8200381148
0986479277
0986479445
0986479343
0986479083
402029646R
432000007R
7701206924
8200018407
0986479445
0986479277
0986479270
402029646R
432000007R
7701208230
402029646R
432000007R
7701207898
7700800002
7701201295
0986479277
0986479445
5010525308
5010422262
7701208850
7701208230
432005338R
402020005R
432020021R
432005338R
432005338R
432005338R
432005338R
432005338R
402060003R
402064155R
7701472838
8200209774
432006506R
432000010R
7701208230
432001539R
432007595R
402060019R
7701207357
8200177024
7701208230
7701207898
2401100325