8200379526
8200004603
8200264424
8200181132
8200216459
8200264429
8200181132
8200878343
255671163R
8200002442
8200490948
8200216459
8200213760
8200367333
8200490948
8200264424
8200028447
8200264424
8200220457
8200216459
8200181132
255670001R
8201590638
8200328896
8200206520
275100007R
255500003R
363214222R
8200206520
8200519355
280239732R
8200216459
8201193544
8200127727
8200264424
8200251704
7700424208
681045729R
2225678341
8200213761
8200127728
8200012244
8200127728
255674919R
8200127728
8200487008
8200107952
7701060400
8200213762
8200270265
8200315034
8200181132
681726046R
8200107952
8200265572
8888102002
275103596R
8200243691
7700421820
255678341R
255670001R
8200070265
8200077622
684955428R
5001834435
8200610149
8200070265
8200368609
7700846402
7700425674
8200344842
7700428225
8200127728
8200181132
8201590638
8200264429
5100340990
8200519355
8200181132
8200058682
8200749659
251534917R
8200127727
8200004642
682600025R
254012952R
8200127727
8200548968
253250007R
7700312984
255670017R
8200296683
8200012245
255673202R
7701057088
8200487008
7700351972
8200127727
8200878339
254012952R
254012952R
7700846402
8200127727
280340001R
7701060399
8200058676
8200012244
8200216459
8200328895
8200107974
255520795R
681043286R
8200213761
255400813R
8200127733
8200181132
7700414478
7700766407
5001837500
7700844672
7700419913
7700846399
275700007R
8200328425
8200206520
7701059356
7700428227
275102769R
682600025R
8810200226
6001551361
8200243681
8200127728
255673202R
275106982R
275105430R
8200379694
7701060399
8201590638
8200749659
7701473284
8200216459
363211899R
8200002461
8200328896
7700414648
275100002R
251630498R
7700410115
7700826606
7700846402
8200634234
254006485R
7701054305
254117873R
275108796R
8200220457
8200063000
681720005R
275100037R
8200012244
7700840099
275108796R
7700425674
254011766R
275101414R
7700432856
7701473284
8200260781
251503993R
8200002460
7701046629
254012952R
8200270265
8200368635
682600025R
254117873R
255700068R
7700803541
255670001R
8200012244
275107490R
8810200221
8201167981
8200004642
8200127727
8200090338
7700846402
272709355R
8200270265
8200107974
275108796R
8200299871
255670016R
8200127726
275102210R
8200878698
8200270265
4460561320
7700414476
254010488R
8200739438
7700432860
8200023452
8200057319
255678341R
8200057319
7701046629
8200127727
255678341R
8200070256
255670019R
254010488R
8200243681
4460561320
8200002461
8200012244
8200077622
8200012244
8200012243
7700432064
8200012243
8200326970
5010605285
8200012244
255670015R
8200296683
255670019R
8200107952
8200213758
255675887R
8200110315
8200107952
8200127727
272705952R
8200012245
7700428225
248104342R
8200292294
8200127727
8200260781
8200220457
8200490947
255678341R
275100013R
8200220457
8200199518
809610016R
7701707064
272709355R
255676085R
8200413906
8200206520
255670017R
275700007R
275700007R
275107490R
275107490R
8200121805
8200012245
7700437315
8200265572
5010225940
255400813R
255670039R
8200070256
275107490R
254015469R
0000510170
275108933R
7700428225
8200542094
8200476806
7700803541
255670019R
255670001R
8200270265
275100024R
274860004R
8810300335
8810200235
254012952R
8200263353
255670039R
7700428227
275016524R
8201167981
8200004642
8201167981
8201167981
7700808672
8201167981
8201167981
8200630438
8200012245
7701057090
363213189R
5100340990
7700846227
7700428191
7700846402
7700846399
7700846399
7700803541
7420864651
7700411792
7700822445
7700803541
7700803541
5100334385
8200057319
7700428203
7700428203
7700803537
0000510170
0000502060
7700435536
8200315013
8200108265
8200315013
8200108265
8200315013
8200021376
255670017R
7700832543
8200260781
7700421820
7700425674
7700839681
7700808088
284487915R
8200108269
8201167982
7700428197
251432338R
8200878341
6001551360
280340027R
6006004844
8200371295
255670019R
4539053601
275100013R
8200243681
7701044279
7701045865
255670020R
7700424208
7701044278
7701045864
7701053058
275700007R
7700428227
7701047255
7700846399
280239665R
8200367333
8200002460
8200243681
8200070265
8200127728
8200328896
8810300306
8200407756
8200213760
8200519356
8200264425
8200633634
8200206520
7700414648
8200264429
7701060399
255676085R
8200214760
8200189841
255542986R
255670019R
7700428238
8200213758
7700428202
8200155865
8200107952
8200878342
255400813R
8200167232
8200127728
8200637849
8200127727
0265019069
8200878336
8200260781
8201590638
275100013R
8201167992
8201167992
6001551366
255400813R
7700312984
8810300340
8200189841
8200878338
8200119893
8200368609
280237850R
8200326970
8200416459
251503993R
8200090338
280236599R
7700312984
8200012244
0265019012
8200520205
255670015R
8200637849
7700354626
8200127727
275100013R
8200326970
8200878343
7701045277
8200328425
272709355R
8200328425
275100013R
272705952R
8200878342
8200058670
8200213760
255520229R
8200127727
8200379526
8200127727
275100759R
275108933R
8200397297
363214222R
276100026R
848450001R
8200265572
255678341R
8200220457
8200107952
255670023R
255520099R
255670019R
8200012245
8200216454
275100025R
255670009R
8200336229
255400813R
275102210R
8201167992
275100013R
8200878343
8200878343
8200878343
8200878343
255670017R
8200878343
7701048955
8200127728
8200416459
7701048955
6001551366
251758024R
8200878341
8200878341
7700424030
8200379694
8200070266
275100026R
7701060399
8200878344
8200878344
251902972R
8200107952
8200878336
8200878333
8200070266
254000008r
8201167992
255675887R
681726046R
8200002461
8200344840
8200878336
7700312986
8200878338
7700312985
7700312986
8200878338
8200856009
8200878338
8200214939
8200878340
254015469R
8200151468
8200108269
254012952R
8810200201
8200367333
8200575240
272705324R
255675887R
8200155865
8200367333
255500009R
255670022R
7700432853
684955428R
7701045277
8200127727
255670019R
8200127728
8200127728
8200127727
8200243681
8200206520
255671163R
8200012244
255670001R
7701060399
8200206520
7700437315
8200490948
7700353367
8200206602
5010589560
5010589991
5010480375
5001834435
255400813R
255400813R
479457095R
2556700019
7700428202
8200127727
8200216459
8200213758
8200231760
275105430R
275105430R
8200142395
8200328896
275100013R
255670019R
7700432853
255670019R
8200095495
281150007R
8200213760
255670019R
809610006R
8200213762
8200070265
275105430R
275108796R
8200107952
8200070265
8810200128
8200328896
8200856010
255675887R
8200265572
255678341R
8200531163
648450007R
8200127728
8200012244
255520001R
8200344842
7700428225
272709355R
272705324R
272703128R
8200004642
8200344840
8200501465
8200127727
8200070265
7700435400
275100013R
8200127728
648450001R
8200367334
275102210R
7700846406
8201193544
255670016R
684955428R
255670001R
8200328899
7700808671
275105430R
8200127727
255670019R
7700424173
8200012245
8200213760
255400813R
255670019R
5010226405
648450001R
8200328426
255670005R
8200070265
255670019R
255670020R
8200107952
5010589561
5010589560
7420767411
7420864647
8200356523
255400813R
8200792579
7420808188
7700808033
8200216415
681729859R
8200515827
280230006R
255670019R
275100037R
255670017R
275016524R
8200127727
7420756755
255520014R
8200058670
8200296683
275100025R
7700424174
8200216462
8200012245
8200077622
255670019R
8200326970
8200004642
8200127727
5010226405