8200189937
8200284550
8200127727
8200002460
8201590627
255672223R
8200942209
7700432854
8200216462
7700428202
8200490942
985100002R
8200525489
8200303498
8200727514
8200216462
985103775R
985100002R
8200893585
985100007R
8200454893
8200216462
8200216462
8200216459
8200676895
985103942R
8200216459
8201193536
285580008R
8200216454
8201590627
7701071888
7701047253
8200216462
8200112746
8200303498
8200216462
8200310300
8200344074
8200148466
985701757R
8200310300
8200293630
7700420784
985701757R
8200216462
8200057780
8200216462
8200216459
8200216462
8200216454
985100781R
8200189009
985701921R
8200216462
8200216459
8200136331
985701757R
985250695R
285584919R
8200371819
8200310300
8200726623
8200344074
8200037646
985100003R
8200091694
8200381849
285581790R
985100007R
8200216462
8200216454
8200216462
8200216459
8200216462
8200216462
985105229R
8201388833
9686330280
8200077831
8200216454
8200216459
8200216462
8200281640
8200216462
8200216462
8200216454
8200104453
985106142R
8200216462
8200216039
8200216459
985250002R
8200216462
8200216462
8200216459
8200216459
8200104456
8200788811
7700830888
8200216454
8200104454
8200216454
8200216459
8200216454
8200216462
8200432653
8200104452
8200216462
8200216462
8200216462
8200216462
8200216462
8200216459
8200371819
8200197820
8200216454
8200216462
8200216454
8200216454
8200216454
8200104451
8200104450
8200216459
8200216454
8200216454
8200216454
8200216459
8200893585
8200077831
8200216459
8200216459
8200216459
8200216454
8200216454
8200216459
8200216459
8200412024
985100001R
8200842062
8200138953
8200414934
8200416459
985706588R
985100002R
8200189937
985706588R
985108023R
8201590627
8200284549
8200525494
985101175R
985105129R
8200727514
985100769R
8200466483
8200821777
8200303498
985700198R
8200676895
0285001157
985105478R
281153266R
8200677493
8200677492
8200706149
985250003R
255670428R
8200293630
8200071203
285581365R
985100007R
8200063449
871560001R
8200676895
8200303498
8200527574
8200216039
8200104453
8200136331
8200104456
8200104454
8200236078
7701048953
7700281800
7701048953
8200821773
985254602R
8200104451
8200104450
7701206724
985152557R
985700230R
985109511R
985709538R
985707834R
985106290R
8200906794
7700432860
7700312198
8200303496
8200301516
8200677496
8200788813
8200485099
8200893585
8200070265
985706588R
8200961047
8200676898
8200136331
681726046R
8200677496
8200893589
8200102820
8200091693
985100007R
285586254R
8200323714
285584919R
8200136331
8200676895
8200893585
8200676895
8200004642
8200817207
985109354r
8200201986
985100007R
8200677496
8200104453
8200104452
8200216039
8200198984
8200240774
8200310291
8200216039
8200077831
8200077832
8200485101
8200240773
8200414934
8200091694
8200071203
8200057780
8200284550
7701071459
8200677493
8200448867
248109708R
7701045859
8200284550
8200677496
985155691R
985105160R
8200961047
255677302R
985152557r
8200676895
985700230r
8200306595