491100915R
8200024738
7700426719
8200193992
7700419416
7700823738
7700417308
7700426719
7700437081
8200059051
8200374085
8200193992
8200562867
8200054528
8200826817
8200133821
491101050R
7700431713
7700840103
8200054528
491100529R
7700431286
7691955329
7700431285
8200001981
8200059051
7700431286
491109313R
8200193992
491109313R
8200886459
7700426719
8200193992
8200302595
8200091805
7700840105
488105971R
7700431286
7700431286
7700431286
8200054959
7700101192
8200826808
7700419117
7700426719
7700101192
6700002890
491100033R
8200054528
7700413763
7700435692
8200888505
7700417308
8973294701
8200100082
7700437081
6900000291
8200193992
8200751234
7700300535
8200059052
9685051580
8200937955
8200826816
7700431286
7700101192
8200937970
8200886459
491100023R
8200374085
8200937939
7700844158
491100023R
8200589332
7673955533
7700694136
7700840106
7700273749
7700840103
7700273749
7700694136
7700840103
7700840103
7700840103
7700419155
6001546641
7700694136
491109577R
7700840106
7700840103
7700840106
7700840103
491109577R
7700840106
7700840106
491109577R
491100219R
6001547641
7700417207
8200932439
8200826807
491100023R
7700875710
8200057346
8200294979
8200061924
8200100082
7700437081
7700419117
488101498R
7700101192
7700417207
491103097R
8201514069
7700431286
491109313r
8200113599
0265216732
8973294700
7691955329
8200113599
8973294701
6900000148
7684955132
8200826808
7673955533
488103965R
8200751219
491109313R
491100023R
491100033R
8200100082
491100023R
7700846226
488108885R
8200357347
7700437049
8200937950
7700105707
8201514070
7700431286
7673955577
7700415198
8200294979
8200319066
7700300535
8200937939
8200059051
8200589332
7700431286
8200367111
7613955611
7700419156
6900000319
491109313R
491101451R
8200054528
7700426719
8200709233
7700875690
8200091805
7700300535
8200100082
8200100082
491101451R
8200193992
7700431713
7700300535
9626095180
7700823735
8200826815
8200751243
8200024778
8200937950
8200054529
7700115621
3200465703
6900002118
8200046035
8200867108
8200059051
8200133821
8200319066
491101206R
8200357347
7700432121
488108223R
488101531R
7673955533
491109313R
491100033R
488109031R
0445010033
7700431286
491100023R
491100023R
7700419155
8200888500
8200054959
6700003397
7700417308
8200319066
8200319066
8200319066
7700437081
8200054528
491109313R
8200932439
7700419117
491109313R
491109313R
488107889R
8200091805
8200054528
491100699R
488103159R
491100023R
5010557813
7700840107
146505272R
8200991805
488106585R
8200562867
491109313R
491100023R
7700417207
491109313R
488101913R
8200294982
491100033R
7700840106
491109313R
8200562867
6700002890
8200222352
8200937955
7700840103
7700840803
491100023R
6900000291
7700417207
7700417207
7700830787
7700843919
491100023R
491100219R
8200937950
8200932439
488106198R
7700417207
8200246248
8200024738
6900002163
491100023R
8200562867
8200091806
7700840105
8200061924
491101050R
491100033R
8200867106
7700840724
8201207613
8200100082
8200265136
491100023R
8200091805
8200711377
8201183788
8200886459
488106304R
488106304R
7700417207
8200100082
8200100082
7700100653
8200100082
8201207613
491100033R
491101050R
8200100082
491109288R
491101451R
491100023R
491108814R
8200001981
7700431285
7700417207
8200888370
491109313R
6700002890
7700823549
7700823549
488108823R
488108823R
7700300535
7700417207
491100023R
8200193992
7700846226
497610324R
491109288R
7700431286
8200113599
8200319066
8200319066
8200937939
491100023R
7700599543
8200751237
491109577R
7700840106
7700273749
7700273749
7700419155
7700694136
491109577R
491109313R
8200937939
7700413763
7700435692
497610324R
7700419118
8200963686
7700869743
491100023R
491109577R
7700840805
7700419155
7700840805
7700417207
7700417207
7700108973
7700108973
491100023R
7700108973
7700108973
7700108973
7700694136
7700108973
7700419155
491109313R
7700108973
7700108973
7700108973
7700840105
8201088953
8200111785
8200937939
8200265136
7700823735
8200223611
8200937939
7700431285
8200809483
6900001631
9626095180
491109313R
488105971R
7700437049
8200222352
8200741585
7700875707
491101451R
7700830487
8200932439
6900001631
8200809483
8200809490
488102855R
8200562867
488101061R
8200937939
8200374085
488108643R
7613955611
8201088953
8200826811
8200193992
491100915R
488102646R
488105110R
8200024778
6900002118
7700426719
6900000472
7700426719
7700426719
8200024738
8200294979
7700437081
7700437081
8200193992
7700419117
7700419117
8200193992
491109313R
488105851R
8200319066
8200198992
8201514069
7700419117
8200562867
491100033R
8200826819
6700003396
8200932439
491103097R
7700875708
7700840103
491100023R
488108643R
7700419410
7700101192
8200357347
8200193992
8201514069
7691955370
488100465R
488102646R
7700420305
8200826807
8201207613
491109313r
8200024738
488109031R
8200100082
7700101192
8200100082
8973294700
7700426008
7700419419
8200091805
491103693R
7700417137
8200100082
7700419117
8200071050
6900000148
7700830788
8200091805
8200937950
0986022800
8200091805
491109313R
7700840105
7700840805
8200091805
491100023R
491100023R
8200319066
8200294982
8200751237
8200091805
8200091805
8200100082
8200061924
8201443858
7700417207
488106198R
8200937939
6900003030
8200054528
8200071050
491100023R
8973294700
8200100082
7700417207
7700417308
8200712890
8200100082
8200376925
8200577807
6820000115
8200574058
7700115621
491100033R
491109313R
7700426719
488105110R
488103776R
6700003396
8200001981
7700417137
7700840105
488105110R
491100023R
8200035272
8200035272
491100915R
488105110R
6700003396
7701978479
8200709233
8200709234
8200888373
8200054959
491101451R
488103965R
7700101192
8200294978
7700840649
8200932439
491100100R
7700431286
8200193992
8200100082
488103131R
0265800559
0265800387
7700426719
491100023R
7700426719
8973294701
488108643R
8200826816
488103965R
488108643R
491100023R
9685418780
7700417137
8200149673
7700840105
491100023R
491100033R
8200357347
488109633R
7651955187
8200374085
7700419410
3045865165
0445010075
8200712890
7651955187
8200867108
8200711618
8200193992
8200294977
8200096704
7700840106
8200100082
8200937939
488102596R
488105513R
491100033R
491100915R
8200091805
8200741585
491100033R
8200589334
8200426719
8200100082
8200357347
491100033R
7700840105
8200193992
9673536480
472103202R
8200127728
491102028R
491100023R
491100023R
491100023R
8200193992
7613955610
8200100082
491100023R
8200091805
8200054528
8200096704
8200024738
491103834R
6200357347
7700426719
7700840106
8200562867
6700003397
8200091805
491100699R
491103834R
491100522R
7700823735
8200932439
8200886459
491108814R
491100023R
491100023R
8200091805
491109313R
8200294978
7700300535
8200932442
0265950300
491100033R
491100033R
7700437081
6700002890
491100023R
491109313R
7700830788
7700840105
8200575303
8200113599
8200054528
8200357347
8200091805
8200193992
8200096704
8200932440
7691955334
8200100082
6900000319
8200932439
8201207611
8200932442
491101451R
8200294978
491101050R
8200024738
6700002890
8200932439
7700840105
8200809483
491100023R
8200096704
7613955577
8200562867
488100379R
8200071050
7700840106
7700419410
9626095180
7700417137
8200357347
491100023R
488101061R
491108814R
8200294976
488101531R
0273004395
8200108225
9684040180
491105514R
491100033R
6700003029
488100634R
491109313R
491100915R
491100033R
7700823735
4881061998
8200096704
491100023R
8200562867
491101451R
491100023R
6700002890
7700823736
7700823736
7700823736
7700823736
7700823736
491109313R
8200193992
8200932439
8200826813
8200357347
491100023R