8200720894
8200445347
8200520790
8200246631
8200193992
8200246631
8200520790
8200054528
491109313R
7700823735
8200246631
8200024738
491105358R
8200024738
7700823735
7700805016
7700419118
7700419118
7700419117
8200024738
7700805016
8200763525
7700426719
491100023R
491109313R
491100024R
8200763525
8200718096
491100024R
8200963686
8200024738
491100024R
8200024738
8200520790
7700426719
7700300535
7700749926
8200838037
7700805016
7700426719
491101023R
8200888505
8200385183
491109313R
8200054959
491102028R
491107434R
491107434R
8200886459
491102028R
491102028R
7613955613
8200886459
491102028R
491102028R
491107434R
491107434R
8200886459
491102028R
491102028R
7613955613
8200886459
491100068R
7700823735
7700417207
7700419155
7700840106
7700115621
8200838037
8200024738
491104521R
8200712890
8200024778
8200888505
491101050R
8200246631
8200035272
7700417207
8200763525
8200709233
8200709234
8200888373
8200024738
7700840105
7700419118
7700426719
8200071050
476602071R
8200442177
8200709233
8200024738
8200709229
7700415198
7700419117
7700426719
491100033R
8200024738
8200246631
8200024738
7700840105
7700840105
8200520790
7700419117
7700415198
7700840105
7700840105
491108514R
7700426719
7700426719
8200024738
7700840105
491101050R
491100023R
491100024R
8300024778
8201046045
8200888505
491100033R
491109313R
8200357347
491109313R
7700840105
491100100R
7700415198
8200024738
8200937939
8200024738
7700415198
491109313R
8200763525
8200520790
7700426719
8200763525
8200763525
491109313R
8200763525
7700415198
8200024738
8200193992
7700426719
8200024738
8200024738
7700823735
7700426719
8200024738
7700823735
7700805016
491101736R
7700417207
7700795295
7700417207
7700426719
7700426719
7700426719
7700426719
8200867106
7700417207
7700419117
8200193992
9648316780
7700419118
7700805016
7700805016
7700823735
7700795295
7700419118
7700426719
7700437081
7700415198
7700795295
7700415198
7700805016
5001874075
7700300535
7700300535
7700300535
8200751237
7700419118
7700805016
7700419118
7700419118
7700840105
7700419155
7700419156
7700417308
7700823735
7700805016
8200024738
491101809R
8200024738
6700003029
8200013165
7700823737
7700875707
7701045973
7700823737
491101666R
491102028R
7613955614
491103834R
491101666R
7700422008
8200054529
491101666R
491102028R
491107434R
8200886459
7700422008
7700419118
491108514R
7700415198
7700805016
8300024778
7700795295
7700426719
7700426719
7700826568
7700826568
8200712890
8200319066
7700419155
7700419117
7700422008
8200223612
8200001981
8200888373
491101666R
491105133R
491108514R
7701066455
491103834R
7700419118
7700419118
7613955614
491108514R
8200886459
491107434R
491107434R
7613955614
8200886459
491103834R
7700422008
7613955613
7701066455
491103834R
7613955614
7701066455
491102028R
7701066455
8200886459
7700419118
491103834R
491101666R
491107434R
7613955614
491101666R
7613955613
491103834R
7700419118
7701066455
7613955614
491108514R
8200886459
491107434R
491107434R
7613955614
8200886459
491103834R
7700422008
7613955613
7701066455
491103834R
7613955614
7701066455
491108514R
491105133R
7701066455
491102028R
7701066455
8200886459
7700419118
491103834R
491101666R
491107434R
7613955614
491101666R
7700419156
7700417308
7700419156
7700417308
491108977R
491103097R
8200246631
8200024738
8200024738
7701066455
7613955613
491107434R
491105133R
7700795294
7700795295
7700795294
7700795295
7700417207
7700422008
7700795294
7700795295
7613955613
491105133R
7700422008
7700426719
7700437081
7711135947
8200751219
8200035272
7700419155
8200937929
7700419155
8200738088
8200246631
8200246631
8200589332
8200445347
8200246631
491109313R
8200589332
8200302595
8200751216
7700419155
7700419155
7700419155
7700419155
7613955614
8200763525
8200718096
7700419118
8200763525
7700419118
8200763525
7700823735
7700805016
488108643R
8200222352
8200302595
8200763525
7700417207
7700417207
6700003448
491101809R
491102583R
8200763525
7700417137
488105971R
491100033R
491109313R
488102261R
491109313R
7700426719
7700840105
8200024738
7700840105
8200024738
7700805016
7700426719
8200307154
8200024738
8200024738
8200024738
8200024738
8200024738
8200024738
8200024738
7700415198
7700415198
7700415198
8200024738
7700415198
7700426719
7700426719
7700417308
7700805016
7700426719
7700795295
8200024738
8200024738
7700419117
8200193992
7700419118
7700823735
7700419155
7700419155
7700419155
7700419155
8200035272
8200035272
8201207613
8200718096
7700415198
491108342R
8200385183
491106619R
8200442177
7701470783
8200718096
0273004282
488107889R
5010557813
488106585R
491100023R
8200246631
8200307154
488109031R
7613955550
491100023R
8200720894
6700003397
488107402R
488106198R
488100379R
8200763525
8200024738
7700426719
7700795295
8200520790
8200937039
491109313R
488108981R
7683955118
7700426719
491109313R
7700805016
7700419117
7700823735
8200520790
8200024738
8200193992
488107220R
488102574R
491102583R
8200886452
8200963686
488102257R
7700417207
9675811080
488105617R
491109313R
476606264R
491109313R
491100915R
8200001981
7700419155
8200720894
4911009313
6700003397
7700431286
491101552r