0258986602
0258986502
0258010029
0258010029
7700274189
0258986602
0258986502
0258006988
0258986501
0281004071
0258006988
0258986501
0281004027
8200351037
226934803R
0258030220
8200760489
8200351037
0281004187
8201115305
8200974421
0258006046
4660163551
8200551743
7700107433
0258986502
0258986602
0258986501
0258006048
0258986602
0258986602
8200974421
8200495791
8200035999
7700274189
0258006988
0281004153
0258986502
0258006990
1178124723
7700107433
0281004153
8201333811
0258986502
0258010029
226930618r
0258986501
226587733R
7700107433
0258006990
7700107433
226905288R
226400888R
0258986602
8200437489
8200351037
0258986602
0258986602
0258986502
226936030R
0258986502
0258986602
226587733R
0258010029
8200163988
7700274189
0258986502
8200921749
0258986502
226932567R
0258010110
8200437489
7700107433
226937642R
8200632578
0281004404
226407522R
8200035999
8201028297
226400467R
226932962R
226400888R
7700107433
226932567R
0258986602
226403788R
7700107433
0258986602
226937642R
0258986502
0258986615
0258005134
226401704R
8201333811
8200035999
8200495791
0258010029
0281004226
0258986502
0281004153
226908543R
0258986602
226932962R
4591945133
1178124723
0258986602
1178124723
1178124723
226902746R
226400467R
0258986602
1178124723
226900029R
0258986602
0258986602
1178124723
1178124723
0258986602
0258986502
0258986602
0258986502
1178124723
0258986502
1178124723
0258986502
8200420670
8200033619
0258986502
1178124723
1178124723
0258986602
0258986502
1178124723
0258986602
1178124723
1178124723
1178124723
226932962R
0258986602
0258986602
4660163551
1178124723
226900029R
0258986502
226930618r
1178124723
0281004221
8200033619
0258986602
4660163550
4660163551
0258986602
8200760489
0258006263
4660163551
4660163550
4660163551
7700103246
8200461432
4660163551
0281004404
0258001035
0258010029
0258010029
226401704R
0258010062
0258006990
4619121611
0258010062
4619121641
226400888R
226932567R
0258005134
0258001051
0258986501
226932962R
0258986501
8946587101
0258010029
226907825R
8200929533
226932567R
8201395330
8200461432
8201028297
8200495791
8201028297
226932567R
226932567R
226932567R
0281004153
226932962R
0281004187
8201395330
0281004163
0281004404
8200035238
0258006311
2115005010
1178124723
1178124723
226937642R
0281004071
227904663R
8200035997
226932462R
2165005001
8201028297
0258010046
0258001051
226908543R
7700870827
227904663R
226936030R
0258986507
0258986615
8200035999
8200036542
226403788R
0281004221
8200033619
0258003644
7700100713
0258986602
226404490R
8200170204
8200495791
0281004071
226932962R
0281004226
8200033619
8200036545
0258027031
227701177R
7700856629
0258003234
1178124723
8200495791
8200420670
0281604040
0281004153
0281004221
0258986615
0258027031
226934803R
226407522R
0281004226
0258005135
8200685363
0281004221
226932962R
0258003189
0258006294
8200495791
0281004404
0258010062
7700871544
8200420670
226932962R
0258003006
0258003040
0258003061
226900029R
226937642R
226932962R
227904663R
0258003644
7700100713
226937264R
7700856629
226400160R
227904663R
226907825R
0258006988
0258006953
0258003644
8200798270
8200406035
8200617211
0258006048
0258027031