0258006027
0258986507
226932962R
8200406337
4660163551
4660163551
226587733R
0258006953
226400956R
7700864987
7700861016
4660163551
0258006046
4660163551
4660163550
226937642R
8201499129
226937642R
226930618R
4660163551
226400956R
226400956R
0258986501
4660163551
0258986501
226902746R
226902746R
0258002036
226936030R
0258006953
8200551743
226908543R
7700107433
4660163551
4660163550
4660163550
4660163551
4660163551
4660163550
7700108027
4660163550
4660163550
4660163550
227901939R
4660163550
226903337R
4660163551
4660163551
4660163550
4660163550
4660163551
4660163550
4660163550
4660163551
4660163551
4660163550
4660163551
0258006027
0281004221
0258986501
0258003189
0258003086
7401271939
0258006953
8200196260
0258006953
0258006953
0258006953
0258006953
0258006953
0258006953
0258002040
7700862426
0258006791
0258006953
0281004221
8201395330
7700872820
226934803R
226905054R
8201028297
8201241344
8201241344
0281004153
8201028297
226939198R