0258986507
0258986507
0258986507
0258006046
7700107433
0258986615
4660163551
8200551743
7700108027
4660163550
4660163550
4660163551
0258002040
0258005135
4660163550
4660163551
7700107433
7700107433
8200551743
7700108027
0258006990
0258986507
4660163550
0258986505
0258006027
8200551743
7700108027
8200551743
7700108027
0258001051
0258001051
4660163550
4660163551
0258006294
4660163551
0258006953
8200036544
0258006953
4660163551
4660163550
7700746375
4660163551
8201035691
8201035691
8201035691
8201035691
0258006791
4660163550
0258006791
0258006046
0258005135
226409306R
0258006791