0258006027
0258006046
0258986502
0258006791
7700103504
7700875342
7700107433
4660163550
4660163551
0258002041
7700867408
4660163550
0258005135
0258986507
0258006953
8200196260
7700107541
7700107561
7700107433
7700108027
0258986505
0258986617
0258006970
0258003644
4660163550
4660163551
4660163551
7700864987
0258986505
4660163550
8200033619
7700103504
7700875342
0281004221
0258006046
0258006990
8200650085
0258006046
7700107433
4660163550
4660163550
7700107433
0258002040
8620062160
8200916762
0258986507
0258006294
8200035997
4660163550
0258986503
4660163551
4660163551
0258006970
8200579397
7700103504
7700875342
4660163551
7700103504
7700875342
0258006953
8200551743
4660163550
0258001051
8200551743
0258005135
9635978580
0258006953
4660163550
4660163550
4660163550
4660163550
0258002040
7700100713
7700871544
0258006791
0258006294
0258006294
0258006046
0258986615
0258006046
7700872878
7700273715
0258006027
0258006990
0258005030
0258003644
227932854R
227906850R
0258005726
227932854R
0258006294
0258006970
0258017270
227932854R