8200632270
8200632270
0281004027
8200351037
0258986615
0258003644
7700871544
0258006046
4660163550
0258006046
7700874600
0258006953
0258006970
0258005135
226903337R
0258986646
0258006971
0258003508
0258003892
4660163550
0258986503
0258006953
0258006953
0258006953
0258006046
7700107433
7700871544
0258986646
226939198R
4660163551
0258006953
8200551743
0258006046
226936030R
0258005726
0258986502
0258006027
0258006953
4660163551
0258986617
8946529645
0258006971
8200590431
0258986502
0258003189
7700746375
4660163551
226936030R
0258006953
0258006791
0258006791
4660163550
4660163550
8200437489
8200437489
4660163551
0258005726
4660163551
0258006294
0258006990
226901841R
7700861016
6001549061
0258006990
0258986615
0258003685
7700872820
7700273273
7700864987
9639853680
0258006046
8200650085
0258006971
8200437489
7700108027
0258003892
0258986646
0258003189
0281004148
0281004148
0258017043
0281004026
0281004069
0258017107
0258986507
0281004123
0281004026
0281004047
0281004148
0258017052
0281004050
0281004148
0281004129
0281004186
0281004040
0281004148
1362344186
0281004066