7700107433
226901841R
0258030336
7700107433
8200632270
0258005135
227932854R
7700107433
0258005135
0258006970
0258003644
0258006953
4660163550
226409306R
0258005135
7700107434
7700107433
0258006953
0258005135
0258006953
7700108027
0258005135
0258006970
0258006971
0258003508
227906850R
8200551743
227932854R
227906850R
226409306R
226400396R
0258005135
7700871544
7700875342
0258005135
0258006971
0258986502
0258005135
226400396R
0258986502
7700860246
226409306R
226400396R
226905054R
226400396R
227932854R
0258006953
0258006990
227906850R
226900029R
0258986617
0258003508
0258986504
0258005135
8200650085
7700854506
7700867295
0258006791
0258005726
4660163550
0258006971
7700274190
7700274190
7700274190
7700274190
0258003189
4660163550
7700101345
7700746375
0258003644
0258006294
7700273273
7700864987
0258003189
8200035997
8200033619
8200035238
0258003189
7700103504
8200632270
0258006295
227906850R
0258027156
7700108027
0009050008
226402153R
0258003508
8201395330
0281004221
226409314R
0281004027
8200351037
227931107R