0258003644
8200632270
8200632270
7700107433
0258986502
0258006295
7700107433
0258003644
0258986646
0258986646
0258006970
8200632270
0258003644
7700105557
0258986646
8200579397
7700100713
7700871544
0258003448
0258986646
0258003189
0258003189
0258003189
0258005274
0258003644
0258003508
8200632270
0258005274
0258986502
0258986502
226900029R
226900029R
0258986617
226901841R
8200632270
0258986617
8200632270
0258003189
0258006990
0258006295
0258986617
8200461432
0258986617
0258005726
0258005726
7700107434
8200035997
8200033618
0258005726
0258003892
0258003892
8200036542
8200036545
0258986617
0258986617
0258006294
0258986617
0258006294
0258986617
0258006971
4660163551
0258006294
0258986617
7700107438
7700274190
0258003892
7700107433
0258003892
0258986617
8200551743
0258986617
0258003189
0258986504
8200035997
9635978280
0258986646
0258003644
0258003189
0258006295
0258003644
8200052063
226939198R
8201035691
6001549060
7700871544
7700100713
7700870827
7700260909
7700266922
8200196260
0258003508
0258003892
0258003892
0258006295
7700105557
226908466R
0258005030
0258003892
226932567R
7700107433
226932962R
0258005274
0258003448
7700107433
0258003189
0258986502
0258005726