0258030313
0258030220
0258030338
0258030530
226905054R
0258006295
7700107433
0258006046
226905987R
8200035997
0258006294
8200036544
7700107433
7700107433
7700107433
7700107433
7700107433
7700107433
7700107433
7700107433
7700107433
7700107433
7700107433
7700107433
7700107433
7700107433
7700107433
7700107433
7700107433
0258003448
7700874327
7700100713
7700107434
7700871544
7700860246
0258003448
7700107434
0258005274
0258003448
0281004153
8201028297
0258006309
0258002058
0258003448
0258003515
8200196260
0258003448
0258003448
0258005097
0258005097
7700107434
0258006295
0258006309
0281004221
8200551743
7700108027
7700107433
0258030336
7700107433
0258006046
8200771294
8200551743
0258010062
0281007413
0281007357
227931107R
7700107433
0258006295
7700107433
0258986615
0258010062
8200632270
227931107R
0258010062
0258010062
0258003892
0258005274
0258003448
0258027031
7700107433
7700107433
7700107433
8200036542
8200036545
7700107433
0258010062
7700107433
0258006048
7700746375
8200036544
7700107433
7700107433
7700107433
7700107433
7700107433
7700108027
0258005274
0258005274
0258003448
7700107433
0258006953
8200551743
7700107433
8200551743
7700107433
8200036542
8200036545
0258005274
7700107433
0258006294
7700107433
7700107433
0258003892
0258005274
0258003448
7700107433
7700107433
7700107433
7700107433
0258027031
8200036545
7700108027
7700107433
7700107433
0258006046
0258986615
0258006046
7700107433
7700107433
0258006046
7700107433
7700107433
7700107433
7700107433
0258006046
7700107433
0258006046
7700107433
0258006046
7700107433
7700107433
0258006046
7700107433
7700107433
7700107433
7700107433
0258006046
7700107433
7700107433
0258006046
7700107433
0258027031
0258006295
0258006295
0258003892
0258005274
0258003448
7700107433
0258006971
8200170204
8200196260
7700107433
7700107433
7700107433
7700107433
7700108027
0258986615
8200196260
7700107433
0258030007
8200590431
7700746375
0258003892
0258005274
0258003892
0258005274
7700274190
0258003892
0258003448
0258005274
7700107433
7700107433
7700107433
0258008046
7700107433
7700107433
7700107433
7700107433
7700107433
0258006953
7700107433
7700107433
0258006953
7700107433
7700107433
7700107433
7700107433
7700107433
0258008046
7700107433
7700107433
7700107433
7700107433
7700107433
0258006953
0258003448
0258003448
8200771294
0258002058
0258006988
0258005274
2344041910
0258010062
0258002058
0258010062
0258005097
8200036545
8200036544
7700867408
1618000000
0258006988
0258006309
8200771294
7700108027
8200771294
8200771294
8200771294
0258017353
0258003508
7700107438
7700872878
7700273715
4600001260
7700854148
7700103504
0258006295
8200036545
8200551743
8200052063
8200461432
0281004225
7700870318
0258006988
226906393R
7700872878
226905054R
0258005097
227930700R
2279905444
2279905444
0281004226
2279905444
227906850R
227906887r
227906887R
0281004225
0281004221