8200756673
8200374610
200100858R
8200566701
8200206266
8200189550
7700430017
7700432799
8200169763
8200181250
8200100048
8200393060
8200352561
8200100048
8200245874
8200374610
7700432799
8200100048
7700415807
7700844691
2379336001
8200122935
7700435258
8200100048
8200212631
8200576748
7700113633
8200189550
8200189550
7700844691
8200162117
8200218829
8200002632
7700430017
8200100048
208157303R
8200641831
208025915R
8200170433
8200597101
8200200212
8200100048
7700435258
1127290340
8200218829
8200114121
7700415807
8200223012
8200276186
8200200218
7700430017
7700847362
7700414558
8200162128
7700430017
8200251432
8200747079
7700426921
8200100048
8200391222
7700433018
7700425860
7700432799
8200200212
7700430017
8200566701
8200200212
8200641831
8200292822
7700435258
8200114121
8200200218
8200513339
8200200212
8200780819
8200114121
8200641831
7700430017
7700430017
8200223012
200101362R
8200200212
8200200212
8200200218
8200641831
8200393060
6025314393
7700415807
7700432206
8200200212
7700430017
7700425860
8200276186
8200780819
208025987R
200102969R
8200100048
8200641831
7700844691
8200218829
8200871784
208020069R
8200302367
200102969R
200101362R
7700426921
7700432799
7700433018
200101362R
8200200212
8200114121
7700421260
208025987R
8200200218
8200641831
208025987R
8200641831
200101773R
8200122428
7700421200
7700426921
7700412169
7700414615
7700421260
7700876145
7700415807
7700431088
7700840309
7700412169
7700412169
8200372219
208024159R
8200188039
2379336001
2379336001
8200899339
8200212860
820080381R
8201030945
8200574863
208172711R
200106407R
208023547R
8200057272
8200752731
208022043R
208028806R
8200756674
8202057272
208020008R
8200170963
8200434542
208021813R
8200752731
924544059R
8201030945
8200468527
8200756674
8201171233
7700421200
7700412169
7700412169