921009251R
7700434383
7700428083
8200024038
7700425842
921007736R
7700432392
7700432392
8200245596
7700432392
7701040668
7701040668
921009251R
8200245598
8200115543
7700425843
7700425843
7700425843
7700425843
7700425843
7700418301
7700432392
7700418301
7700414103
7701045212
7700301253
7700425843
7700425843
7700301253
7701038395
7701038395
7700301253
7700301253
7700432392
8200115543
7700428083
8200024038
8200008763
7700425843
6001550660
8200090213
7700425843
921006843R
8200115543
921009251R
8200115543
8200742595
8200115543
8200115543
921100002R
8200182361
8200182361
7700428083
8200663546
7700432392
8200115543
8200115543
8200182361
8200182361
921005115R
7700434383
6001550660
8200090213
6001550660
8200090213
8200708128
7700301253
8200708128
7700301253
7700425843
7700434383
8200708128
7700301253
7700425843
7700434383
8200245598
8200245598
7701040668
7701040668
7701040668
7701040668
8200086193
8200191738
8200182361
8200191738
8200182361
8200137650
8200182361
8200191738
8200182361
7701045346
7701038395
7701045346
7701038395
7701045346
7701038395
7700312901
8200182361
921001829R
921000294R
8200151465
8200115543
921006843R
8200137650
8200137650
921007845R
7700425842
8200115534
7700425842
7700432392
921005824R
8200086193
8200137650
8200332851
921006454R
7701040668
7701040668
7700425843
7700425843
7700425843
7700425843
921002969R
921100001R
921001697R
921006843R
8200115543
175104049R
921006843R
8200008763
8200033733
8200115543
7700425843
7700425843
7701208148
8200033733