921000294R
921003293R
921000294R
921009956R
8200465480
8200465489
921000294R
921003293R
8200115543
8200223000
8200115543
921100001R
921000005R
921004063R
8200332851
921000002R
7700432391
7700432391
7700432391
7700432391
7700838131
7700436062
7700425843
7700432392
8200137650
921009251R
8200332851
7701038395
7701057122
7700825961
7700825961
7700425843
7700425843
7700425843
7700425843
8200033733
8200757789
8200757789
921009956R
921000005R
921009956R
921000005R
8200332852
921009956R
921000005R
921001952R
921000006R
921000294R
8671017589
8660002501
7700434383
8200742595
8200245598
8200033733
921009956R
7700301253
7701052120
8200115543
8200332851
7701040668
7701040668
7701040668
7700432391
7701040668
921100002R
921003293R
8200895918
7700434383
7702233492
8200008763
7700434383
7700428083
921005115R
8200332852
8200008763
8200152728
8200182361
8200115543
8200742595
8200245598
921003293R
8200182361
8200325004
921003293R
921009956R
921009956R
7700428083
8200742595
8200245598
921100001R
921000005R
7701057122
921001952R
921000006R
8200008763
8200152728
7700434383
7702233492
921001952R
921000006R
7701045346
7701045346
7701045346
7701052120
7701052120
921005115R
7701045346
8200115543
7701044406
921005824R
921005115R
921007845R
7701044406
8200325004
8200325004
8200033733
7700825961
8200465480
8200465489
7700432391
7700418301
7700838131
7700425843
7700432392
8200008763
8200152728
8200008763
8200008763
7701045346
7701038395
8200325004
7701038395
7701045346
7700414103
7700428083
8200024038
921000006R
921000006R
8200033733
921000006R
921000006R
7701038227
7701038227
8200325004
8200033733
8200325004
7700434383
7700425843
7700432392
8200332852
8200221132
8200708130
8200468911
8200688392
8200221132
8200708130
8200115543
8200411148
8200411148
8200468911
8200688392
8200468911
8200688392
8200332851
8200332851
7701057122
7700434383
7702233492
8200221132
8200708130
8200152728
8200008763
8200008763
7700434383
7702233492
7701045346
7700428083
7701045346
8200369308
1831068000
921006843R
921006951R
921007845R
921006843R
921009251R
921100002R
921008540R
921006843R
921009251R
5010619517
8200465490
921008178R
5010619517
5010619517