7700425843
7700414103
921008178R
921000005R
8200245598
3502030420
3502030480
921000294R
3502030480
4535000054
4535000054
8200880551
921008028R
8200465490
7700432392
7700425843
8200065567
8200106950
7700428083
3502037280
8200465490
3502037280
7700414103
7700414103
7700432391
8200115543
7700434383
7700312901
7700434383
7700432392
7700425843
8200465490
8660003446
7700312901
7700425843
8200741257
3502030420
9210000294
3502030420
8200008763
8200325004
8200008763
8200008763
8200742595
8200245598
8200895918
8200332851
921000022R
8200448252
8200741257
8200741257
921006843R
7700312901
7701057122
7700432391
7700301253
7700434383
8200332852
7700436062
8200182361
8200325004
8200137650
8200137650
8200137650
7700425843
7701066110
8200325004
6001550660
8200757789
8200115543
7701044406
8200137650
8200895918
8200137650
7700432392
7700425843
8200137650
7700432392
7700425843
8200757789
8200245598
8200742595
8200757789
5010230214
5010315281
7701044406
8200332851
7700434383
7700434883
8200325004
7702233492
7700434383
8200741257
6025307276
7700876215
8200182361
8200008763
8200008763
8200152728
8671017594
7701045346
7700425843
7700432392
7701045346
7701038227
7701238227
7701045346
8200332852
3502030480
6025307276
6025307276
6025307276
6025307276
6025307276
8200465480
7700414103
7700432391
7700838131
7701038227
7701038395
8200332851
8200332851
8200332851
8200332852
8200465480
8200115543
921008178R
3502036870
8200115543
8200115543
8200245598
8200465480
5010514735
5010619735
8200033733
7701045346
8200688392
8200468911
921000005R
921009956R
7701066110
7701066110
8200325004
8200033733
8200245598
8200742595
7700876215
6025307276
8671017584
8200741257
7700434383
7702233492
8200182361
8200411148
8200182361
8200191738
7700428083
8200024038
8200106950
7700434383
8200895918
8200033733
8200895918
8200106950
8200106950
8200106950
8200106950
8200115543
921006454R