921000294R
921100002R
921100001R
8200033733
921001829R
921002969R
921008540R
3502030230
8200513983
8200090213
6001550660
7700436062
6025109349
8200221131
8200137650
8200008763
8200152728
3502030230
8200468911
921006454R
921006843R
7701057122
921003293R
4155000054
8200455795
8200443897
8200332851
921100001R
921100002R
921000005R
921000294R
8200448252
8200019382
921000294R
921000294R
8200332852
921006454R
921006843R
7700436062
921000022R
8200245598
3502030420
8200332852
4155000054
8200455795
8200448252
921006980R
921000294R
921100001R
8200757789
7700312901
3502033320
7701066110
7700312901
8200774211
8200455795
6025313367
8200033733
921100001R
8200019382
8200019382
8200448252
921006980R
8200688393
8200443897
921100002R
921005824R
8200033733
921100001R
921000005R
7701044407
8200137650
7700312901
8200325004
8200182361
8200008763
8200152728
921000005R
921000294R
3502033320
8200332852
8200073912
8200708130
8200245598
8671017590
8200742595
3502030230
8200325004
5001864981
5001884981
8200465490
8200033733
8200465490
8200465490
7700432391
7700418301
4155000054
8200455795
7700432391
7700418301
7700838131
8200019382
7700301253
6001550660
8200513983
8660003447
8200465490
8660003447
8200465490
8200443897
8200443897
8200688393
4155000054
8200443897
8200688393
921006951R
8200443897
8200688393
7700414484
7700434383
7701066110
921006843R
5010514735
5001875436
5010619517
8200688393
8200443897
8200115543
8671017589
7485113368
7885113368
7701044407
7701044407
7701044407
921100001R
8200332851
8200443897
8200008763
8200152728
4155000054
8200455795
8200757789
8200137650
8200682406
6001550660
8200513983
8200708130
8200221132
8200448252
7700301253
8200708128
7700312901
7701066110
7701049665
7700436062
7701044407
7700312901
8200741257
921007794R
8200411148
7700876215
6025307276
8200008763
8200152728
7701052120
921000294R
921009956R
921100001R
921100005R
8200325004
921000005R
8200245598
8200742595
8200245598
8200742595
8200448252
7700428315
6025313367
3502036930
921100001R
921005824R
921006188R