921000294R
921001829R
8200033733
921100002R
8200443897
8200106950
7700301253
7701066110
921100002R
921001697R
921100002R
7700301253
6025307276
6025310510
7701057122
8200443897
8200468911
8200688392
3502036930
3502033320
8200332852
8200332851
921006980R
8200448252
921000006R
921001952R
8200774211
8200448252
921000294R
921009956R
8200468911
8200688392
921100002R
8200895918
6025313367
6025310509
6025310510
8200895918
8200895918
921001829R
7420867662
5010580664
7420867662
5010580664
3502030230
8200455795
1265000103
921100002R
5001875436
5010619517
5010619735
7420867662
5010580664
8200332852
921006980R
8200448252
7700433077
7700428315
921008028R
8200880551
5010514079
5010315259
5010619265
921008028R
8200880551
8200332851
8200332852
921000002R
921100002R
5010315281
5010230214
5010619734
5010230214
5010315281
5010619734
8200332851
1265000103
5000752789
8200106950
1265000103
7700312901
214811275R
1265000103