8200939386
8200454172
8200953359
8200840899
7700872159
8200600110
8200561276
8200890987
8200819568
8200958328
8200600110
8200848916
8200939386
8200509067
8200021822
926003514R
8200037058
8200050141
926001268R
8200421410
8200357173
8200939386
8200021822
8200454172
8200939386
7700859676
8200316164
8200840899
8200454172
8200869742
8200939386
0445110102
8200053264
8200067915
8200021822
8200600110
0261280686
926005689R
8200561276
8200436108
8200316164
7700859676
8200457418
8200021822
6000073500
8200940837
926000734R
8200953359
926002352R
8200200671
926002090R
7700105765
8200454172
8200316164
926000734R
8201025121
7700859676
7700105765
7700105765
8200940837
8200600110
8200600110
8200133818
8200021822
7700105765
7700103536
7700272497
8200309193
8200940837
7700105765
926006229R
7700103536
8200021822
7711134454
8200021822
8200979500
7700105765
7700875357
8200309193
7700866491
926000097R
0261280686
8200309193
8200424250
8200953359
7700273801
8200819568
8200316164
8200365787
8200040681
8200365787
7700105765
8200953359
8200315744
8200040681
8200953359
8200037058
8200365787
7700105765
8200021822
0261280686
7700859676
7700105765
7700273801
7700111036
8200939386
8200600110
8200600110
8200678499
8200316164
8200309193
8200316164
8200454172
8200309193
8200953358
8200021822
7700111289
8200890987
8200343375
7700872159
7700273020
8200577732
8200040681
926000097R
8200021822
8200958328
8200600122
7700100417
8200316164
7700273801
7700111182
8200309193
7700859676
8200618853
926001268R
8200819568
7700111036
7700105765
8200315744
926005727R
7700870870
8200037058
8200343375
926007398R
8200307273
926003123R
8200309193
8200220924
7700105765
7700105765
8200067915
8200050141
926001268R
926003123R
8200454172
8200953359
8200716562
8201250900
8200021822
8200024397
8200470242
8200600122
926000217R
8200021822
926007877R
7700111289
8200979500
8200021822
8200315744
7700875357
8200940837
8200940837
8200849568
7700859676
8200316164
7700273801
8200678509
8200365787
7700105765
8200037058
8200454172
926002090R
926006266R
7700861971
926002332R
7700111235
8200651251
926002090R
7700875357
8200678507
7706273801
8200953359
7700875357
926002090R
6000073500
8200037058
8200315744
8200002182
7700111289
8200669284
8200866437
8200651251
8200040681
8200578856
7700866828
7700273801
8200365787
8200357173
2473000470
7700273801
7700115830
8200578856
7700273320
8200866436
7700273320
926001268R
926000097R
8200953359
7700859676
8200021822
8200716562
8200953358
8200024397
7700103536
8200678499
7700866828
8200309193
926002090R
7700106069
8200819568
117105124R
8200365787
8200133818
8200819568
8200840899
8200578856
8200309193
8200037058
7700111182
8200315744
8200309193
7701499969
7700103536
8200037058
7700273320
7700872158
8200819568
7700273301
7711134670
7700103536
7700103536
8200457418
926000217R
8200600122
8200316164
5010483099
8200651251
8200651251
8200037058
8200315744
7701499858
926000734R
8200716562
8200600122
8200309193
7700273801
8200651251
8200840899
8200067915
8200021822
8200866437
8200819568
7700115830
7700273320
7700105765
8200067915
7700106069
8200309193
7700111182
8200819568
8200037058
8200939386
8200365787
8200365787
8200953359
8200037058
8200365787
7700111235
8200309193
8200819568
8200678499
8200365787
926000217R
8200436108
8200037058
8200424250
8200577732
8200866440
8200021822
8200678499
7700115830
8200316164
8200840770
7700859676
7700875357
8200315744
8200100082
926008582r
8200866440
8200618853
7700105765
8200021822
8200819568
8200866440
8200651251
8200651251
8200953359
8200866440
8200375173
926006229R
8200600122
8200953359
8200866437
7700106069
8200365787
7700273801
8201250900
8200866436
8200021822
8200578856
8200343375
8200840770
8200819568
7700106069
8200953359
7700111289
926006266R
7700273801
8200832990
8200040681
926001268R
9671216260
8200309193
926000734R
926000734R
8200365787
8200037058
8200309193
8200309103
8200651251
8200953359
7700872158
8200053264
8200717562
8200716562
8200053264
7700866491
926000217R
8200053264
8200277971
8200651251
8200457418
8200578856
926003404R
8200651251
8200053264
7700272987
8200953359
8200819568
7700866828
7700103536
7700875357
8200037058
8200037058
8200315744
7700106069
7700111182
8200365787
8200315744
8200819568
7700111289
8200953359
8200220924
7700861971
8200819568
8200037058
7700875357
8200067915
926006266R
7700860997
7700103536
8200678499
7700272497
7700866828
7700115830
8200651251
8200315744
7700272438
7700866828
8200651251
7700272497
8200600110
8200365787
7700103536
7700866828
8200939386
8200953359
8200021822
926003123R
926003514R
7700105765
7700875489
7700111235
7700115830
926003123R
7700866828
7700103536
8200037058
8200309193
8200309193
9659875780
8200953359
8200309193
8200819568
7700103536
8200037058
8200651251
8200309193
7700866828
7700111182
8200953359
8200040681
8200678499
8200939386
8200939386
926002352R
8200848916
8200421410
926002352R
8200454172
8200421410
8200956574
8200958328
926004990R
8200802609
8200956574
8200424250
926003123R
7700105765
8200866437
8200958328
926009582R
8200705022
8200866437
8200720417
926001268R
926002352R
8200832990
8200578856
8200021822
4472208622
8200979500
8200454172
7700866828
8200315744
8200315744
926002890R
7700111235
8200819568
926003123R
926003123R
926000050R
8200315744
8200037058
8200678507
8200040681
8200890987
8200819568
8200866440
8200840899
926000050R
8200315744
926002352R
926000217R
8200577732
8200819568
8200848916
8200953359
926003404R
7700273801
8200315744
0813809141
8200819568
7700111298
7700103536
8200021822
8200037058
8200315744
8200866437
7700273801
8200037058
926002352R
926001268R
926000734R
926003123R
8200309193
926004990R
8200421410
8200678507
8200021822
926001268R
926001268R
7700273801
926002090R
926001268R
926000217R
8200866437
926000217R
926001268R
8200819568
7700273801
8200024397
8200953359
926006316R
8200953359
8200067915
8200021822
8200716562
7700105765
8200421410
926002352R
8200309193
8200470242
8200953359
8200436108
8200678499
8200053264
7700103536
8200819568
8200037058
926002352R
7700105765
8200819568
8200021822
926002352R
7700105765
8200819568
8200315744
926004990R
8200421410
926002352R
7700866491
7700111036
8200357173
8200053264
7700105765
8200365787
8200365787
7700115830
7700111036
8200953359
8200037058
7700116286
8200315744
8200365787
8200365787
8200037058
8200309193
8200819568
4472209480
8200021822
8200309193
8200953359
8200651251
926008385R
926002090R
8200953359
8200819568
926000217R
7700105765
8200365787
8200819568
7700111289
7700111289
8200720417
8200819568
926002352R
1461204134
7700111182
7700115830
7700105765
926006266R
8200309193
7700273320
8200309193
7700273801
7700105765
8200357173
7700111289
8200600117
8200421410
926003123R
7700273801
7700859676
926003123R
8200021822
7700111289
8200309193
7700273801
8200866437
8200600110
8200421410
8200309193
926005217R
8200365787
8200716562
8200979500
8200866440
8200315744
8200037058
8200309193
8200067915
8200315744
926003123R
7700875357
926004990R
8200953359
8200678507
8200457418
8200678499
926000734R
926000734R
8200053264
8200315744
8200669284
8200578856
8200053264
926008582R
8200454172
926000217R
8200651251
8200133818
8200021822
926003541R
926000734R
926003123R
8200436108
8200729453
8200940233
926003541R
7701499860
8200133818
8200315744
147356133R
7700105765
8200315744
926000217R
2473000470
926000734R
8200021822
7700103536
8200037058
8200037058
8200037058
926001268R
8200365787
7700106069
926001268R
8200037058
8200037058
8200866440
8200940233
926002090R
0417807374
926003404R
7700273801
8200024397
7700115830
8200365787
926008582R
7701499858
926004990R
7700105765
926000217R
8200037058
926000217R
7700105765
8200454172
8200457418
926000734R
8200037058
8200037058
8200678499
7700866491
9651910980
7700111036
8200037058
8200678499
8200618853
8200651251
8200819568
8200953359
7700115830
8200037058
8200651251
8200618853
8200357173
7700111289
7700105765
7700111182
8200037058
8200037058
7700115830
7700106069
8200133818
8200939386
8200895057
8200939386
8200848916
926002352R
926002352R
8200939386
926003123R
926000217R
8200454172
926000217R
8201025121
8200678499
8200848916
8200958328
926003358r
8200956574
8200678507
8200953359
8200315744
8200050141
926003123R
926000352R
8200600110
7700111235
8200678507
8200600110
8200890987
7700105765
8200315744
8200315744
8200840770
2791909124
926006229R
8200819568
926001243R
8200678510
926008054R
0920616121
8200021822
8200234036
7700115830
8200021822
926003541R
926002352R
8200234036
7700111289
8200040681
7700859676
926002352R
926000734R
8200133818
7700861971
1472209480
926001268R
8200678499
926002352R
926000217R
7700103536
926002090R
926005727R
926008367R
8200037058
8200037058
8200939386
8200424250
8200763772
926001732R
926004990R
926000217R
8200037058
7700875357
8200365787
7700875357
3185102844
8200866437
8200050141
8200421410
8200021822
8200470242
8200454172
8200424250
8206651251
8200365787
8200309193
8200365787
8200866437
8200309193
7711497036
8200309193
926009582R
8200953359
8200436108
7700273320
8200678499
8200316164
8200840770
926006775R
8200053264
926004990R
8200819568
926000734R
926003123R
926000050R
8200953358
926000217R
926002352R
926008942R
926002352R
8201025121
8200067915
8200309193
8200315744
7700105765
926000097r
4472209480
926006775r
8200021822
8200315744
926003123R
8200037058
926003123R
8200037058
926001268R
8200357173
926006229R
8200315744
8200316164
8200980987
8200819568
926000734R
926008367R
8200309193
926000217R
8200600117
7700111014
926000734R
8200021822
8201025121
8200365787
926003541R
8200454172
926002090R
926008385R
8200953359
8200040681
926000216R
7700866828
926002352R
8200678507
8200895036
8200979499
8200953359
7700859676
8200309193
926005727R
8200133818
8200067915
8200021822
8200037058
8201250900
7711497298
7700859676
8200651251
8200953359
8200819568
8200819568
7700106069
8200678504
5010483099
8200053264
926004990R
7700111289
926000217R
8200939386
7700273801
926003123R
2449104704
936000734R
8200819568
7700106069
7700111182
8200866436
7700866828
7700111289
8200053264
8200021822
7700105765
7700103536
7700111235
926003541R
8200037058
8200578856
8200840770
8200037058
926008367R
926001268R
1333212504
8200578856
8200315744
8200365787
8200819568
8200315744
8200315744
7700103536
8200840770
8200021622
8200840770
7700103536
7700105765
8200650566
926003123R
7700273320
7700272987
6000073500
8200315744
8200316164
8200953358
8200309193
8200365787
8200953359
8200365737
8200678504
8200133818
8200309193
8200526884
8200421410
8200309193
926001268R
8200220924
8200050141
8200021822
8200133818
8200651251
7700273801
7700273801
8200315744
6000073500
7711497298
8200021822
926003404R
7700100417
8200561276
8200953359
8200365787
8200651251
8200365787
8200819568
8200021822
8200600122
8200421410
8200309193
7700273801
8200309193
926000050R
391004298R
7700273320
7700859676
8200953358
7700866828
8200866437
8200021822
8200309193
8200365787
8200021822
8200067915
7700027298
8200819568
926006775R
8200037058
7700111235
926002352R
8200053264
8200315744
8200309193
8200819568
8200024397
7700106069
926006229R
8200678499
8200819568
8200819568
8200021822
8200067915
926002352R
926008367R
8200895038
8200953359
8200309193
8200365787
8200953359
8200365787
8200890987
8200457418
8200421410
8200365787
7700105765
8200953359
1095906434
8200819568
8200357173
7700273320
8200365787
8200357173
926006266r
8200866437
8200651251
8200037058
7700273801
8200067915
7700115830
8200421410
926003404R
8200716562
7700273320
926000217R
8200651251
8200309193
8200220924
7700103536
926000216R
8200866437
8200315744
8200669284
8200678506
8200365787
8200866440
8200021822
926005450R
8200678499
8200869742
8200021822
8200030919
8200651251
7700105765
8200365737
8200866435
8200840770
8200651251
8200618853
8200600110
926002352R
8200037058
7700111235
0918780766
7700273801
7700116286
8200021822
7700111289
926003123R
8200953359
8200021822
8200024397
926000217R
926000217R
926002352R
7700273320
7700875489
8200037058
8200037058
926006775R
8200866436
8200021822
8200053264
8200357173
7700875357
7700273801
8200953359
926002090R
8200343375
8200940233
3406608744
8200819568
7701499831
8200309193
7700105765
8200819568
7700859676
7700273801
8200848916
926001268R
926003123R
8200716562
8200315744
8200316164
7700103536
8200953359
8200133818