8200848916
926005214R
8200848916
7711134454
7700860997
8200457418
8200848916
926007318R
7711497392
926009154R
7711368772
8200454172
8200958328
8200561276
8201025121
926005214R
926002352R
8200561276
8200890987
8200067915
7711135104
8200561276
8201025121
926003641R
8200561276
926007877R
8200848916
7711134454
926007877R
8200720417
8200939386
8200053264
8200024397
7711135808
8200720417
8200898810
8200939386
7711497037
926005154R
8200720417
8200343375
8200720780
8200909753
926000217R
7421049380
7701499969
8200939386
8200939386
2483002230
8200939386
7711497392
926000994R
7701499858
8200719928
8200956574
8200436108
926007817R
8200457418
8200421410
8200958328
7711497568
926008209R
4472806910
8200958328
8200424250
8200117767
8200603434
8200688814
8200421255
8200958328
926006775R
7700875357
7700866828
8200781488
8200869742
926002019R
8200457418
7711368037
8200356576
926000734R
926004183R
7700866828
8200848916
7711497037
926003859R
926000217R
8200890987
926000217R
926001243r
8200454172
8200454172
8200720417
7711497037
8201025121
8200669284
7711497568
926005211R
7438610031
7711497391
8200956574
926007877R
8200958328
8200956574
8200436108
8200424250
7711135104
8200457418
7711497517
8200024397
7711368187
8200720780
8200890987
926004435R
8200802613
7700106441
7700116286
7700106069
8200716697
8200509067
7700103536
7421049380
8200201422
8200526884
7701499858
8200343375
8200720417
8200898810
926005020R
926008999R
8200848916
8200848916
8200848916
8200939386
926006775R
926006775R
8200848916
926008670R
8200848916
926001268R
926007318R
8200848916
8200816362
926002019R
926003404R