3130113000
8200084183
3130113000
8200683199
0580464017
8200084183
8200004964
6013006007
7700426361
8200511934
8200639432
8200084183
7701207449
7701207449
8200258350
172020029R
0580200026
0580200026
0580464089
8200004964
3130113000
7700426361
172026457R
8200084183
0580313058
8200704611
7700431718
8200084183
3130113000
3130113000
9740659902
7700431718
172020029R
0580254970
3130113000
7701207449
6013006007
7700426361
3130113000
170114377R
3130113000
8200084183
0580454145
8200725022
3130113000
8200139172
172020029R
0580464029
0580453081
0580200243
8200368239
3130113000
172021036R
3130113000
3130113000
3130113000
7700431414
7700827641
7700802179
250604410R
250601161R
6025315873
7700415624
7700415223
7700840871
7700829316
7700811046
6000581612
3130113000
3130113000
3130113000
7700432007
6001021735
7700827641
7700802179
250604410R
250601161R
6025315873
7700415624
7700415223
7700840871
7700829316
7700811046
6000581612
3130113000
3130113000
3130113000
3130113000
3130113000
3130113000
3130113000
3130113000
8201348602
3130113000
3130113000
3130113000
3130113000
3130113000
0580464089
3130113000
0580454145
0580454145
3130113000
8200084183
0580454145
3130113000
0970168700
3130113000
3130113000
3130113000
170110001R
8200288808
5010412930
8200009645
0580207007
8200084183
172027799R
5010382028
8200084183
5010382028
3130113000
3130113000
3130113000
3130113000
3130113000
3130113000
0580464070
9706599902
0580464089
7700422036
8200084183
8200139172
7700414742
7700416988
3130113000
7700422039
0580254935
0580813072
0580464070
8200056568
7700829316
0580254044
0580464073
6013006007
7700426361
8200263038
3130113001
3130113000
7700422039
3130113000
8200004964
0580254935
8200071332
1614118368
1614675632
170114543R
0580464076
3130113000
172026141R
170114377R
172026203R
7700315153
8200027963
1614118368
1614675632
3130113000
8200130191
7700828785
8200008529
172024944R
3130113000
3130113000
172027799R
8200247198
3130113000
3130113000
170110001R
3130113000
8200368239
8200725022
7700432007
3130113000
7700422036
0580200203
7700802178
8200084183
0580464076
8200027936
170114377R
0580254970
3130113000
3130113000
8200195827
8201348602
3130113000
0580464029
0580464017
0580464096
8200009645
0580464044
8200009645
7700100894
0580464070
0580464070
3130113000
0580254970
6001021735
3130113000
3130113000
0580464096
6001021735
1462319080
3130113000
3130113000
0580464029
7700431718
3130113000
0974565990
8200159254
3130113000
1191104021
7700426361
8200639432
0580254935
0580254935
3130113000
6001021735
3130113000
0580254935
4315200200
3130113000
0580254935
172026119R
8200084183
0350474663
3130113000
7700274294
8200690744
0580464029
8200159254
0974006990
7700820286
3130113000
3130113001
7700825250
3130113000
3130113000
3130113000
7700802178
172026141R
7700827359
3130113000
0580464096
0580464096
0580203311
0580203311
8200690744
0974053990
8200016909
3130113000
7700427100
3130113000
3130113000
9153880780
7400460821
3130113000
3130113000
3130113000
7700827640
3130113000
3130113000
3130113000
3130113001
3130113000
7700840830
7700812372
7700811048
8200027963
6001023051
6025304882
3130113000
7700716997
7700741339
7700726305
7700734250
3130113000
7700431718
3130113000
3130113000
7700414742
7700736664
0580453030
3130113000
3130113000
9740069900
0580464089
0580464076
3130113000
3130113000
3130113000
3130113000
3130113000
3130113000
9153880780
7400460821
7700808949
7700825250
3130113000
7701348210
7700734250
3130113000
7701348210
7700734250
3130113000
3130113000
3130113000
3130113000
172024944R
3130113000
9153880780
7400460821
172020037R
3130113000
3130113000
8201348602
7700687710
0580200519
0580464073
0580464013
0580453911
0580314081
8201348602
8200727740
0580453019
0580254950
0580453465
172020033R
0580464013
0580464013
0580464013
172021036R
0580464013
0580464013
6001021735
6001021735
0580464013
6001021735
0974065990
3130113000
8200155192
8200004964
166714557R
8200029163
172021869R
8200004964
172027799R
7700829965
8200342594
8200821184
8200071331
7700829965
8200385478
7700829965
172027799R
7910246476
9999163575
6001000470
7700266206
7700416988
8200465955
8200306918
172027799R
0580200026
8200084183
7700415624
8200821184
172021869R
8200004966
0580203309
172021706R
0580200265
8200057324
8220018313
0580203319
8200170377
169108688R
0580001019
0580200203
8200725020
0580200203
170114377R
8200683209
0580464074
8200052390
8200071331
8200921327
8200368239
7700431718
6025304882
7700840830
7700840830
7700829965
7700840830
6025304882
0580203319
7700829965
0580453045
172021869R
0580203319
8200073820
7700840830
8200306918
172026203R
8200159254
172023644R
172020037R
0580200191
7700840830
172023644R
172027215R
7700431718
8200683191
0580464013
0986580802
172024101R
172027215R
172021275R
8200004964
0974006990
7700820286
172027799R
172026203R
7700427101
8200193062
8200004964
170110001R
8201184565
8201184565
8201184565
172022980R
8201184565
172020029R
7700429139
172026203R
7700416988
146503760R
172027392R
172026203R
2445110500
170114377R
8200683209
172024944R
170114377R
8200004964
172026203R
172027215R
0445010170
7700429139
8200029163
172026203R
7700852989
8200906204
8200004952
172024055R
0580200203
7700802178
0580203120
172024944R
172024944R
172023644R
0580203319
0580464013
8200071332
172020056R
0580464013
8200029163
7700427101
172027392R
7700416988
0580203319