8200004964
8200013383
8200013383
172025557R
172020772R
8200004964
172026934R
172025354R
3130113001
3130113001
0580464044
0580453496
8200704684
8200306918
0986580802
7700832218
172020772R
0580203353
172026944R
3130113002
3130113002
3130113002
0261520432
3130113002
7700840830
0580464096
172027123R
8200027963
1612115020
8200683188
172020092R
250602674R
5010580122
7700832218
172020772R
172026041R
0580203353
0986580801
3130113000
8200683188
172027628R
0986580803
0986580802
3130113000
0580203353
0580464044
8200683188
8200683188
8200780954
172020342R
172027628R
7700431718
8200016909
7700422037
7700415223
7700113514
172022980R
172026203R
0986580802
0580454002
7700422036
7700414742
0986580802
0986580801
0986580803
3111107000
9740659405
3130113000
0986580801
8200683188
172022980R
0580254044
0580464044
0986580801
0986580802
0580254044
0986580802
0986580801
0580464044
0580464044
172022980R
0986580801
0986580802
0986580804
0986580803
0986580801
3130113000
5010412930
8200683188
0986580801
172020092R
8200683188
8200683188
0986580801
8200683188
0986580802
7700832220
0580254044
0986580804
0580453427
0580453427
0580454002
0580454002
3130113000
0580454002
8200096476
0580453496
0580453427
0580454002
6001547604
0986580801
3130113001
3130113002
0580454002
6001547604
0580453496
0580454002
3130113002
0580454002
7700422036
3130113000
0580254970
8200689362
0580254970
0580254970
0580254970
9151819080
172029199R
172026517R
172020772R
8200639432
166301888R
172024101R
167007358R
166301888R
8200306918
172021275r
8200306918
8200306918
8200306918
7711064162
7910246476
6001000470
7700266206
9999163575
172021575R
8200008527
172021485R
172022185R
0580200030
0580203311
172026203R
172025354R
175126107R
0580200191
172021485R
8200683188
8200683188
172025354R
8200639432
0580464089
172021275R
0580254970
172020059R
172026203R
0580200191
7700802178
172027452R
169107893R
172021275R
172021869R
172025354R
172021036R
172027628R
172026041R
172026203R
172025354R
0580254044
172020092R
172021275R
172026944R
172027628R
172021210R
172026951R
172021485R
0580254970
172027628r
8200760582