0445115007
8200100272
0445110141
0445110110
8200903034
0445115007
0445115007
0445110265
0445115007
0445110110
8200903034
0445110485
0445115007
0445115084
8200028797
166091245R
0445110265
0445110338
8200903034
166006212R
0445110265
0445110141
0445110141
0445116059
0445110265
0445110110
0445110265
0445120002
0445110110
8200058379
166000372R
0445110141
0445115084
8200084534
0445110146
0445110146
0445110169
0445115007
166091245R
8200049873
166006212R
8201100113
0445110021
7700111014
0445110141
8200294788
166008052R
0445110328
0445110146
0445110021
0445110084
7700111014
0445110569
0445115007
0445110230
0445115007
8200294788
0445110569
166006212R
166000372R
166091245R
0445115084
8200132793
0445110084
0445115007
8200100272
0445110280
0445110230
0445110063
0445110414
0986435211
0445110141
8200240244
0445115007
166001137R
8200421359
8200676774
0445110110
166091245R
0445110110
0445110265
0445110485
0445110110
8200240244
8200238528
0445110146
0445110021
8200365186
0445115007
8200049873
166009384R
166004305R
0445115007
0445110021
0445110146
0445110084
166006212R
8201100113
166006212R
8201100113
166000897R
0445110084
8200676774
8200815416
0445110375
0445110063
0445110375
0280158040
0445110178
0445110146
0445110021
166000372r
0445120002
8201043605
0445110038
0445110634
0445110375
0445110569
0445110141
0445110087
0445110110
0445110102
0445110141
0445115007
0445110634
8200903034
8200704191
0445110110
0445110414
0445110414
0986435211
0445115084
175204385R
0445110038
0445110728
166003355R
0445110728
166003355R
0445110728
166003355R
0445110728
166003355R
0445110728
166003355R
0445110021
0445110375
166000372R
7701477325
8200484403
0445120002
0445110265
0445110146
0445110110
0445110265
0445110414
0445110021
8200380253
0445110110
0445110569
0445110087
0445115022
0445120002
0445110338
0445110169
0445115007
8200238528
0445110021
7700111014
0445116059
5801540211
0445110110
0445110280
8200827965
0445110141
8200206565
0445110141
8200240244
8200704191
8200084534
166000372R
8200240244
8050100890
0445110084
0445120002
0445110084
0445115007
0445110280
0445110414
0445110110
0445110414
8200112289
0445110087
7701477325
0445110021
8200389369
0445110230
7700111014
0445110087
0445115084
0445110414
0986435211
0445110265
0986435275
0986435170
0986435236
0445110110
8200084534
166006212R
0445110110
8200842205
0445110141
8200146357
7700112519
8200100272
0445110110
0445110280
0445110119
0445115047
0445110230
0445110087
0445110146
0445110021
0445110021
8200049876
0445110063
0445110485
0445110110
0445110265
0445110087
0445110546
0445110652
8200827965
0445110110
0445110569
0445110110
0445110110
8200505191
0445110414
0445110110
8200511099
0445120002
0445110110
0445110146
0445120002
0445110110
0445110168
8200010074
8200240244
0445110146
7700111014
8200132793
208995377R
0445115007
8200049873
166009384R
0445115007
8200240244
0445110110
8200100272
0445110546
166006212R
0445110265
0445110637
8200100272
166009445R
0445110110
0445110110
0445116059
5801540211
8200484403
0445110019
0445115007
166000121R
0432193671
0445110063
0445110084
8200084534
0445115007
0445110110
0445110021
166006212R
166091245R
8201100113
0445115007
0445110414
166009445R
0445110110
0445115007
0445110038
0445110485
0445110328
8200049873
166000505R
166091245R
0445110038
0445110110
0445110038
8200769153
0445110146
0445110021
0445110261
8201100113
0445110546
0445110087
0445110546
8200294788
166009445R
8200567290
0445110110
0445110110
0445110038
0445110569
0445110038
8200100272
0445110146
0445110230
8200100272
0986435189
0445110485
8200365186
0445115084
0445110485
0445110230
0445110146
0445110230
0445110038
166006212R
0445110110
8050014460
0445110634
0445110146
0445110021
8200389369
0445110265
166007840R
166008052R
0445110038
8200240244
0445115007
0445115007
0445110230
8200100272
166001137R
8200676774
8200815416
0445110127
8200198733
0445110127
8200198733
0445110127
8200198733
0445110261
0445110261
0445110141
0445110265
0445110546
0445110280
8200240244
0445110084
0445115007
0445115007
8200100212
0445110087
8050014460
0445110102
0445115047
0445110569
166000804R
166006526R
0445110063
166009567R
0432193671
0445110021
8200885287
0445110063
0445110375
166006212R
8201100113
0445110110
0445110280
0445115007
8200903034
8200704191
0445110146
0445110021
0445110338
0445110146
8200421359
1820067677
0445110146
0445110021
8200049876
8200100272
0445110110
8200365186
0445110063
0445110146
8200238528
0445110110
0445115007
0445110546
0445110110
0445110110
8200240244
0445110230
7700111014
0445110146
0445110021
0445110280
0445110021
0445110110
8050015717
0445110021
166006212R
0445110063
8200365186
0445115007
8200100272
0445110652
0445110084
0445110178
8200238528
8200049876
8200505191
8200010075
0445110146
0445110102
0445110021
0445110146
0445110146
0445110087
8200049876
0445110569
0261500548
7700112519
0445110141
0445110168
0445110546
166006212R
8201100113
0445120002
166009445R
0445110110
0445110728
166003355R
0445110084
0445110280
0445110021
0445110110
166000897R
0445110141
8200100272
0445110110
8200389369
0445110230
0445110141
0445120002
8200049876
8050015717
8200240244
0445110634
0445110375
0445110230
0445110021
0445110146
0445110063
0445110485
0280158293
0445110146
166008052R
0445110110
0445115007
7700111014
7700111014
0445110021
0445115007
0445115007
0445110038
166007427R
8200567290
0445110109
0445110338
0445110652
0445110280
0445110021
166000372R
8200421897
0445110265
0445110038
0445110110
0445110652
0445110569
0445110230
0445110021
7700111014
0445110168
0445110168
166003429R
166091245R
208995377R
0445110265
0445110546
166005708R
0445110038
8050013994
0445110328
0445110485
0445110084
8200084534
0445110485
166001137R
0432193757
0445110472
0445115007
0445110141
166000897R
0445110546
0445110230
0445110021
7700875760
8200505191
8200815416
5010477874
0445120020
8200903034
8200365186
8200049876
8200294788
166009445R
0445110178
0445110021
8972391617
0445110414
0445110021
0445110134
8200239421
0445110021
8200010074
0445110230
8200389359
0445110021
0445110569
166000804R
0445110375
0445110084
166711244R
0445110546
0445110141
8200549063
8200100272
0445116033
8200889945
0445116059
5801540211
0445110569
166000804R
0445110021
0445115007
0445120002
0986435501
0445110168
0445110265
166003170R
0445110485
8200484403
0445115007
0445110146
0445110110
0445110038
0445110038
0445110087
166009445R
8200294788
0445110230
0445110569
166004305R
166008052R
0445110414
166002137R
8200769153
166008052R
0445110338
8200839859
166091245R
0445110021
0445110146
0445110146
0445110110
8200240244
0986435350
8200815416
166000372R
166006212R
8200100272
0445110110
0445110328
166001137R
166001137R
8200421897
8200505191
0445110084
8200365186
0445115007
166001137R
0445110178
8200231866
0445110146
0445110265
0445110141
0445110021
8200049873
166009384R
0445110021
8200365186
166091245R
0445110146
8200240244
0445110634
0445110375
0445116033
0445110414
0986435007
0445110110
0445110038
166000804R
0445110569
0445110280
8200100272
8200198733
0445110127
0986435007
8200238528
8972391617
0445115022
0445120002
0445110102
8200100272
0432193610
0445110328
8200380253
8050013885
8200365186
8200903034
0445115007
0445115007
8050014460
0444021045
7701477325
0445110110
166004305r
0445110021
0445110110
8200100272
8200206565
0445110021
8200100272
8200535108
7700111014
8200132793
8200206565
0445110146
0445110084
0445110280
7700111014
166003978R
8200240244
8200238528
0445110375
166005070R
0445110110
8200490287
0445110146
0445110021
166006212R
0280158170
8200128959
0445110230
0445110939
8200100272
8050013885
8200240244
8200704191
0445110280
0444021045
7700111014
0445115007
0445110021
0445110021
0986435202
0445110338
0445115007
8200100212
7700112883
166091245R
0445115007
0445110146
166004305R
8200704191
8200238528
8200101135
8200505191
0445110150
0445110485
166004305R
8200704191
0445110546
0432193610
0445110230
8200815416
0444021045
0445115007
0445110101
0445110064
166008052R
0445110110
8200100272
8200100272
8201043605
0445110021
0445110146
0445115007
0445110569
0445115007
0445110569
0445110021
8200238528
0445110021
0445110038
166091245R
0445110569
166000804R
166000505R
166000505R
8200903034
8200704191
0445110546
0445110414
0986435211
8972391617
0445115084
0445110084
0445110652
0445110146
0445115007
0445110146
0986435007
0445110146
7700111014
7700111014
0445110178
0445110485
8200207935
0280155613
0445110280
7700875035
0445110021
166003429R
166090273R
166090273R
166009567R
166009567R
166009567R
166000897R
8200676774
0445110021
0445110485
0445110546
7711497343
0445110280
166091245R
0445110146
0445110338
166091245R
8200815416
8200101135
8200101135
0445110569
0445110110
0445110485
0280150136
0445110146
166004305R
0445110146
8200238528
0445110230
8972391617
0445110084
8200240244
0445110328
0445115007
8200100272
0445110328
166000897R
166091245R
166091245R
166000897R
0445110569
8200100272
0445110110
0445115007
166000505R
166003429R
8200100272
0445110280
8200238528
0445110141
166006212R
0445110110
8200421897
8200676774
0445110146
7700111014
0445115007
0445110414
0445110021
0445115007
7700111014
166000505R
0445110569
0445110280
0986435189
0445110652
0445110087
0445110146
0445120002
0445115007
0445115007
8200238528
208995377R
8200421359
0445110338
0445110141
0445110146
0445110146
0445110146
0445110485
8050013994
166002137R
0445115007
0445115007
0445110634
0445115007
8200903034
8200704191
0445110634
0445110375
166091245R
8200903034
166000505R
0445110338
166001137R
0445110338
0444021045
0445110265
0445110146
8200238528
0445110652
0445110485
8201108033
0445110652
0445110485
8201108033
0445110485
8201108033
0445110338
8200238528
0445115007
0445110146
0445110141
0986435239
0986435086
8200146357
0445110110
8200049873
166009384R
0445115007
0445110634
166091245R
0445115007
0445115007
0445110634
0445110414
8200380253
0445110110
0445110110
0445110110
208995377R
0445110338
166093915R
8200903034
8200704191
0445120002
8200132793
8200206565
166003978R
0445110084
0445110265
0445110146
0445110110
0445110230
0445110146
0445110110
0445110230
0445110280
0445110119
0445110280
0445110119
166009567R
166009567R
8200903034
8200704191
0445110569
0445110634
0445110375
0445110569
208995377R
8200903034
8200704191
0280155994
166009567R
8200903034
8200704191
0445110146
0445115007
0445110038
208995377R
0986435430
0445116033
166003978R
166003978R
166006470R
166004305R
8200704191
166000505R
0445115007
8200903034
8200704191
0445116033
0445110021
0437502035
0445110146
7700110397
0432193643
8200049873
166009384R
0445115007
8200553570
8200218942
8200207935
0445115007
0445115007
0445110230
208995377R
0445110110
0445110110
0445110230
0445115007
8200132793
0445110021
0445110230
8200885283
166009567R
8200100272
0445115007
0445110127
0445110127
8200100272
0445110110
8200228225
8200273891
8200389369
0445110230
8200049876
8200049876
8200815416
166002137R
166002137R
0445115007
166000804R
0445110569
0986435124
0445110038
166008399R
0261500548
8200049876
0445115007
0445115007
0445110109
0445110280
0445110119
8200333022
8200049876
8200049876
8200049876
7700875035
0445110280
8200207935
0432193671
166000511R
0445110230
0445110087
0445110141
0445116033
8200049876
8200240244
0445110110
0445110127
0445110485
166000262r
8200294788
166009445R
0445110084
8200240244
8200553118
0445110280
8200049876
8200049876
0445110084
0445115007
0445115007
0445110110
0986435192
7701477158
208993839R
0432193671
0432193671
0432193671
0280155613
0280155613
0445115007
0445110168
8200676774
0280155613
0280155613
0280155613
0280150995
7700875760
8200201615
1820012895
8972391617
8200240244
8200484408
0445115007
0445110084
7701474025
0445115007
7700111014
0432193754
166000804R
0445110569
166000897R
0445110230
8200049873
166009384R
0445115007
0445110230
0432193643
0445110280
7701477325
0445110021
0445110939
166007383R
0445110939
166007383R
8200240244
8200010074
166000804R
0445110569
166003429R
0445115007
0445110338
166093915R
0445110021
166091245R
8972391617
0445110038
0445110063
0445110280
0445115007
7700875036
0445115007
166091245R
0445110063
0445115007
0445110546
166003429R
0445110634
0445110375
0445115007
0445115007
0445110146
0445110141
0986435239
0445110280
0445110021
0445110021
0986435202
8200903034
0445115047
0445115047
0445115047
0445110280
0445115007
166091245R
8200704191
166008052R
0445110338
0445110652
0445110280
0445110160
166001137R
0445110160
0445110160
0445110110
8200100272
8200049876
0445115047
0445110280
0445110280
0445110280
0445110021
0445110141
0445110569
0445110569
166008052R
0445110141
0445120064
0445110146
0445110146
0445110230
0445110652
0445110634
166005070R
0445110634
166091245R
0445110110
0445110569
0445110634
7485121807
0445110280
0445110141
8200928978
8200132793
166009384R
0445110634
0445110280
8200047506
0986435016
0445110634
0445110485
0445110485
0445110485
0445110634
8200912052
0445110634
0445110643
0445110939
8200100272
0445110021
8200049876
0445110280
0445110134
0445110134
0445110134
166091245R
8200132793
0445110634
0445110485
0445110485
0445110485
0445110280
0445110110
8200100272
8200100272
8200100272
0280158168
8200025248
166091245R
166006212R
8200047506
0445110021
0445120002
0445120002
0445110109
0445110939
0445110328
175200117R
0445110230
0445110230
0445110110
0445110021
8050013885
0445115047
8200794299
8050014460
0445120002
0445110569
166006212R
0445110110
0445110485
0445110485
0445110485
8050014460
0445110485
0445110485
0445110939
0445110939
166007383R
2301098528
8200100272
8200100272
166006212R
166006212R
8200100272
8200100272
8050015717
8200100272
8200100272
8050013885
166091245R
0445110652
0445110110
166006212R
8200100272
166007383R
0443110083
166007866R
7700273702
0986435189
0986435189
7700111014
8050013885
0445110230
7700875035
0445110652
166002137R
166002137R
8050100890
8200025248
0445110261
0432193644
0280158226
0445110021
0445110021
0445110021
0445110021
8050015717
0445110110
0433171082
0445110021
0445110021
7700112888
0445110021
0445110280
0445110084
924102087R
0445110084
8050013885
8050013994
0445115047
0445110110
0445110338
0445110038
166006623R
166006623R
166002137R
166006623R
166002137R
166002137R
0445110280
0445110021
0433271467
0445110021
0445110110
0445110021
0445110021
8050013994
8050100890
8201037748
166002137R
8050014460
8050013994
0445110110
0445110110
0445110110
0445110021
0445110021
0445110414
8201037748
0445110084
9623551580
7700875036
0432193754
166003978R
0445110021
0445110021
0445110021
0445110021
0445110021
8050013994
0261500210
0280158211
0432193754
0445110110
0445110110
0445110110
0445110110
0445110021
8050100890
0445110297
166007383R
0445110146
0445110338
166000849R
0438201062
8200207935
8200704191
8200511099
7700109066
0445110569
0445110021
0432193753
166008052R
166001137R
0445110280
0445120002
0445110178
0445110485
0445110652
7700107405
0445110338
0445110338
0445110127
0445110338
166008052R
166008052R
0445110485
0445110338
166008052R
0445110178
0445110146
166008052R
0445110178
0445110634
0445110110
8200100272
0445110634
0986435205
0445110338
0445110338
0445110338
7700850100
0438201131
0445110328
166003978R
0445110338
8200201615
166007238R
0445110375
0437502035
0437502035
0445110229
0445110021
166001137r
0445110084
0445110184
166091245R
0445110021
166091245R
166091245R
0437502007
0437502007
0445110146
8200553570
0445110800
166000849R
7700107405
166007383R
0445110280
0280158040
0445110375
0445110634
0445110375
0445110634
166001137r
166001137r
0445110375
166001137r
0445110634
0445110375
0445110230
0445110634
0445110230
0445110146
0445110280
8200903034
0445115007
8200903034
8200903034
8200704191
8200058379
0445110230
0445115084
0445110087
0445110634
0445110375
7485121807
8200912052
0445110146
0445115084
166008052R
8200231866
0445110141
166000372R
166005721R
0445110021
0445110021
8200047509
0432193564
8200084534
8200505191
166004350R
0445110141
0445110265
8200704191
0445110265
8200207049
0445110021
8200815416
8200128959
0445110230
0414755006
166006212R
166006212R
0445110634
0445110375
8200238528
166000804R
0445110084
8200676774
166006212R
8200676774
0445110328
8200603801
0261500109
0445110569
166000804R
0445110084
0445110546
0445115007
8200037554
0445110375
0445115007
166009445R
8200421359
0445110146
0445110146
0445110110
0445110546
0445115084
0445115022
0445115007
166003188R
0445110021
8200815416
8200389369
0445110230
0445110110
8201408742
8200100272
0445110087
0445115007
166000505R
0445110038
0445115007
8200676774
0445110146
8200238528
8200100272
0445120020
0445110634
0445110083
0445115007
0445110652
0445110146
166009445R
166008052R
0445110141
0445110084
0445110485
166008052R
0445110375
0445110634
8200100272
7700111014
0445110168
0445110110
0445110328
0445110546
7700111014
0445110485
0445115007
0445110141
8200676774
0445110328
0445110146
0445110076
7700111014
166008052R
7700111014
0445110485
0445110021
0445110414
0445110280
8200132254
8201037748
0445110375
0445110800
166007427R
0445110485
0445110485
0445110485
0445115022
8200389369
166006212R
8200132793
8200101135
0445110141
0445110265
0445110021
0445110230
0445110280
0445110178
8200296279
8200238528
0445110021
7700111014
8200421897
0445110230
0445110021
166001137R
0445110102
0445115007
0445110414
0445110569
0445115007
0445110084
0445110063
0445110084
0986435173
8200084534
0445110652
166008052R
166004305R
8200903034
8200340068
0445115007
0445110546
8200010074
0445110546
0445110375
0445110634
8200238528
0445110414
0445110141
208994525R
0445110109
8200100696
0445110895
0445110146
8200579081
0445110256
0445110265
0445110109
0445110485
0445110168
8200010075
166006212R
0445110141
0445110110
8200100272
8200100272
0445110265
166091245R
0445110546
7700867867
0445110230
0445110110
8200100272
8200389369
0445110485
8200238528
166004787R
0445110178
0445110230
8200704191
0261500210
8200100272
0445110146
0445110141
8200146357
0445110485
8200815416
8200238528
7700111014
166002137R
8201408757
8200100272
0445110110
0445110728
0445110800
166008052R
0445110084
0445110265
0445110265
0445110141
0986435086
0986435239
8200146357
0445110569
8200227124
0445110328
0445110339
0445110146
0445110546
208994525R
0280158211
8201108033
0445110485
0445110328
8200676774
166001137R
166006212R
0445110110
0445110021
0445110546
166009445R
8200421359
8200676774
8200815416
8200421359
8200676774
166006526R
8201041272
0445110485
8200380253
0445115007
0445115022
0445115047
0445110485
166006212R
0445110178
8200296279
0445110110
7701476567
0445115007
0445110328
0445115007
166000897R
166007866R
0986435007
8200084534
0445110082
0445115007
0445110146
8200238528
0986435007
0445110141
0445110256
0445110146
7700875368
0445110038
0445110280
166009445R
166000897R
166000897R
166000897R
166007866R
8200794299
0445110375
166004305R
0445110110
0445110485
0445110021
8200292590
0280158046
0445110634
166091245R
0445110230
8200389369
0445110230
0445115007
0445110230
0445110146
0986435007
0445110230
8200010075
166006212R
8200561664
166005070R
166006212R
166009445R
0445110652
0445110546
166007885R
0445115007
0445115007
0445110375
0445110084
0445115007
0445110141
8200240244
0445110265
0445110087
0986435202
0445110021
0445110375
0445110084
8200380253
0445110485
8200804536
0445115007
0445110280
8200100272
0445115007
166003978R
8200100272
0445120002
0445110084
0986435173
166006609R
0445110110
8200505056
0445115007
166006623R
8200294788
166009567R
0445110021
0445120015
8200100696
8200010074
208995377R
166007733R
0445110021
8200409398
0445115007
0445120064
0986435529
8200049873
166009384R
0445110063
166009373R
0445110230
8200389369
0445110569
0445110110
8972391617
0445110141
0445110021
7700111014
166009445R
166009445R
166009445R
8200238528
166009445R
166009445R
0445110485
0445110546
166009445R
166009445R
166006212R
166006212R
0445110021
0445110021
0445110021
0445110021
166006212R
166006212R
166004305R
0445110375
0445110634
8200100272
0445110110
0445115007
0445110141
8200549063
0445110546
166007885R
0445110087
0445110328
0445110485
166008399R
166003429R
0445115007
7701476567
0445115007
0986435007
0986435240
0445110485
166008399R
0986435240
166008399R
0445110265
0445115007
0445110634
8200912052
166000804R
0445115007
0445110485
208997976R
0445110485
0445110485
8200100272
0445110021
8201041272
0445110265
8200100272
0445110110
0445110634
166005070R
0445110634
7485121807
0445115007
7701476567
0986435435
0445110485
0445110546
0445110546
0445110546
0445110485
8200100272
0445110485
0445110485
0445110485
0445110485
0437502035
0445110569
0445110141
0445110021
8200100272
0445110110
0445110652
0445110546
0445110328
0445110230
0445110102
0445115007
0445110546
8201234808
0445110652
166000121R
0445110652
7700111014
8201037748
7700875368
0445110110
0445110895
0445110895
0445110485
0261500210
0986435202
166001137R
166000372R
0445110146
0414755006
0445110146
0445110168
0445110111
0445110230
8200273891
8200389369
8200380253
0445110280
8200606383
0445115007
0445110038
0445110634
0445110021
0445110021
0445110146
8200238528
0445110110
0445110056
8200010074
0445110038
0445110146
166001137R
166001137R
166001137R
0445110485
5001838468
8200206565
0445214155
0445110230
0445110230
0445110230
8200273891
8200389369
0445110230
0445110230
0445110230
166000804R
208994525R
0445110110
7701052837
0445110280
0445115007
0445110569
0445110546
0445110485
0986435007
8200238528
0445115007
0445110328
166001137R
8200389369
0445110280
8200606383
166009567R
166001137R
166009445R
8200294788
0445110265
0445115007
0986435170
0445115007
166001137R
0445110265
0445115007
0445115007
0445110375
0445115007
166000372R
0445110728
9674973080
0445110300
8200380253
166000372R
8200206565
166000372R
8200294788
8200380253
0445110084
0445110110
0445120013
7701477005
166000372R
8200100272
0445110338
8200839859
0445115007
0445120002
0445110375
8200084534
0445110289
0986435179
8200100272
166008052R
0445115007
8200049876
166006212R
0445110021
0445115084
166006212R
0445110141
0445110111
0445110141
0445110038
7701477312
0445110546
0445110087
8200238528
8200084534
0445110146
0445110021
0445110546
0445110110
8200842205
0445115084
0445110524
166000372R
0445110188
0986435350
0986435435
0444023005
0445110141
7701474943
0445110169
0445110728
0445116030
8200132793
8200365186
0445110084
8200100272
0445110328
0445110546
0445110485
8200827965
0445110338
0986435202
8200101135
8200049873
0445110110
0445110569
0445110375
0445110084
0445110546
8200294788
0445110546
166007885R
0445110265
166000672R
0445110569
0445110375
0445110110
8200084534
0445110084
0445115007
8200212715
7700111014
7700116046
8201408754
0445110168
0445115007
0445110084
7711497153
0445110569
0445110146
0445110084
7700111014
166009445R
0445110634
0445110414
0445120197
0986435569
8200380253
0445110375
0445110634
8200676774
8200421359
0445110265
7701474915
0445115007
0445110289
0986435179
0445110546
0445110272
0445115022
8200815416
0445110375
0445110169
0445110146
0445110125
0445115007
0445110338
8200839859
7700111014
0445110144
0445110156
0986435135
0445115022
0445110414
0445110021
0445110102
0445110229
0445110414
8200132793
0445110546
0445110939
7700111014
0445110021
8201100113
0445110146
0445110021
0445120015
0445110102
0445115007
8200206565
0445110084
8200047506
0445110044
0445110063
8200294788
8200053030
0445110021
0445110145
8200171162
0445110021
0445110141
0445110127
0445110127
0445110230
0445110328
0445110144
8200171173
0445110261
8200484408
0445110127
0445110127
0445110328
0445110546
0445110569
9686191080
0445110652
0445511002
7700111014
0445110375
0445115007
8200100272
0445110021
0445214024
0445110084
0986435173
0445110248
0445120012
0445120013
7700111014
0445110178
0445110110
0445110087
8200294788
166009445R
0445110375
0445110229
0445110084
0445110021
166009384R
0445110652
0445110146
0445116025
0445110261
0432193563
0445110229
8200381629
166003978R
0445110280
0445110141
0986435086
0445110110
0445110044
0445116033
0445110569
0445110021
8200049873
0445120064
8200084534
0445110087
0445110485
208993839R
0445110375
0445110546
208995377R
0445110063
5110100618
0445120353
0445110146
8200010075
8200380253
0445110092
0445110485
0445110229
0445214024
0445110084
0445110184
0445110168
0445110280
0445110021
166000372R
8200084534
0445110230
8200553570
8200380253
8200380253
0445120420
0445110230
166000372R
0445110230
7701474032
8200010075
0445110375
0445110569
8201108033
0445115068
0445110098
0445110230
0445110265
8200100272
0445110569
166000804R
0445110084
0445110097
0986435066
8200340193
8200333022
8200421897
8200815416
0445110229
926002090R
8200292590
0280158047
0445110485
8200340068
8200409398
8200505056
0445110109
0445110063
8200238528
0445110328
0445110338
8200839859
175215346R
8200049873
0445110063
0432193563
8201108033
0445110485
0445110414
0445110021
0445110230
0445110414
0445110178
0445110141
0445110569
166000804R
0445110141
7700111014
0445110374
0986435243
7700111014
8200084534
0445110084
0445115084
8200815416
0445110328
0445110485
0445110144
0445120002
175210542R
0445110110
8200100272
0445110084
8200294788
208995377R
0445120020
0445110569
0445110087
0445115007
166006212R
0445110204
0445110021
0445110546
0445110634
0445110141
0445010087
0445214155
0445110063
0280158216
0445110110
0445110728
166003355R
166003978R
166001137R
7701478016
0445110021
0445110328
8200294788
5110100618
0445120353
166000372R
0445120020
0445110069
0445110102
0445110485
0445110021
0445110063
0445010075
0445110414
208993839R
0445110230
0445110084
8200049873
0445110338
0445110546
7701474032
8200010075
8201408763
0445110230
0445110652
0445110375
0445110110
0445115084
0445110055
0445110485
0445110212
0445120147
0445110569
0445115022
0445214175
0445115007
0445110280
0445110063
0445110230
0445115084
0445110096
8200769153
5110100618
0445120353
0445110012
0986435004
0445110169
0445110084
0445110546
0445110418
0445120201
0445120276
0445110168
0445120004
0445120100
0445110141
0445110110
0445110084
0445120219
0445120064
0445110634
0445120035
0445110059
0986435149
0445110109
0445110087
0445110063
0445110063
0445110280
0445110160
0445110030
0445110016
0445110182
0445110280
166006212R
0445110264
0445115007
8200100272
0445115022
0445110110
0445110230
0445110485
0445110110
0445110110
0445110110
0445110280
8200100272
0445110110
0445110230
0445110229
0445110038
0445120219
8200815416
208993839R
0445110414
0445110230
0445110328
8200340068
0445110110
0445110110
0445110328
0445120354
0445110546
8200340193
8200333022
8200421897
8200815416
0445110063
0445110021
0445110146
0445110146
0445110167
0445110135
0445110110
7700111014
0445110134
0445110134
0445110003
0445110134
0445110087
0445110134
0445110141
0445110110
0445110121
0432193753
7700875036
0445110328
0445110485
0445110328
0445120554
8200827965
0445110168
0445110021
9649574480
8200389369
0445120098
0445110110
0445110110
0445110230
0445120098
0445110097
0445110134
0445110546
0445110171
0445110485
0445110183
0445120099
0445110087
0445110089
0445120100
5110100607
0445110353
1208080573
0445110328
0445110110
8200389369
0445110116
8200389369
0445110230
0445120100
0445120002
7700111014
0445110110
0445110181
0445110230
0445110230
8200389369
0445120147
0445110070
7700875035
0445120219
0445110301
0445120002
8200839859
166093915R
0445120100
0445110203
0445110100
0986435041
0445110338
0445110338
0445120162
5110100908
8200409398
0445110021
0986435350
0445110202
0986435064
166003429R
7701476567
7701477158
0445120219
0445120098
0445120099
0445110280
0445110800
0445120147
0445120098
0445110414
0445115007
0445110375
8200294788
0445115007
8200804536
0986435350
0445115007
0445110189
0445115007
0445214155
0445110652
0445110569
0445110021
0445110569
0445214250
0445110084
0445110328
0445120162
5110100908
0445110634
0445214250
0445115022
0445110569
0445214258
8200100272
0445120020
0445214042
0445110177
0281006241
175214823R
0445110728
0445110652
0445110021
0281006241
175210542R
0445214212
0445214258
166008052R
0445110035
8200701690
0445214250
175210542R
0445120002
0445214212
175210542R
0281006241
0986435075
0986435075
0986435075
8200584034
8200704217
8200584034
0445214258
8200815617
0445110021
175210542R
175211218R
0445110955
9828959880
175214823R
0445110546
166007885R
0445214258
0445214258
0445214258
7700111010
8200584034
0445214258
175214823R
0432193753
175210542R
175214823R
0445214158
175214823R
175214823R
175212943R
8200365186
0445110338
8200661279
175210542R
175210542R
8200584034
8200296867
8200389369
8200100272
166001137R
0986435075
0445110021
0445216020
8050013994
0445110328
0445110328
175210542R
0261500548
0445110110
175210542R
0445110635
0445110110
175210542R
175210542R
0445216019
0445110546
0445110546
0445110275
0986435180
7701474032
8200010075
8201408763
7701474032
8200010075
8201408763
7701474032
8200010075
8201408763
0280150136
175210542R
0445110327
175210542R
0432193754
7421006086
0445110895
0445110280
8200294788
0445110110
0445110414
0445110141
0445110230
8200553570
8200207935
0445110261
0445110338
8200240244
0445110261
166009445R
0445110634
0445110063
8200010075
0445110414
0445110063
0445110087
0445110084
0445110038
8200010074
0445110134
8200239421
0445110634
8200207935
0445110338
0445110230
0445110338
0445214175
0445110141
166000372R
0445110230
0445110110
0445115007
0445110414
8201055367
166001137R
0445110375
0445116033
0445110110
0445214155
0445110546
0445110546
0445110634
0445110178
8200296279
0280150136
0445110939
8200584034
0445110110
0445110634
0432193754
0432193753
0445110146
0445110021
166000849R
166007383R
0445110230
8200389369
0445116033
0445110634
0445110109
8200100696
0445110160
8200283583
0445110127
8200198733
0445110485
8201108033
166003978R
0445115084
7700112880
0445110229
8200381629
0445110280
0445110546
0445110102
8200112289
0445110230
8200038936
166000897R
8200049876
0445214250
0445110063
166002932R
9828959880
7700111013
8200815617
8200704217
175210542R
8201453073
0445110168
8200238528
0445110230
0445110110
0445110110
166002137R
0445110063
0445110110
0445110230
0445110230
8200084534
7700857013
0445115084
166000804R
0445110230
0445110102
8200347593
0445115022
0445110280
0445110127
0445110178
0445115007
0445110168
0445110084
0445110230
0432193610
0445110230
8200238528
166009445R
8200294788
0445110063
166006526R
8201041272
166008052R
8201041272
8201100011
0445110634
166005070R
8200380253
0445110569
166000804R
0445110084
0986435173
0445110728
166003355R
8201699085
0445110375
8200912052
0445110110
8200100272
0445110110
8200100272
0445110800
166007427R
0445110084
8200704191
8200380253
0445110485
8201108033
0445110084
0986435173
8200704191
8200704191
8200704191
166000372R
0445110546
166007885R
8200294788
0445110110
8200704191
0445110110
8200294788
8200294788
8200704191
8200704191
8200704191
8200294788
8200294788
8200294788
8200294788
8200294788
8200294788
8200294788
8200294788
8200294788
8200704191
8200704191
0431214027
8200704191
8200704191
0445110110
8201408742
8200100272
0445110021
166009567R
8201041272
0445110063
0445110110
8200100272
0445110110
0445110178
8200296279
0445110895
166009567R
0445110109
8200100696
0445110939
166007383R
0445110939
166007383R
0445110546
0445110280
8200606383