0460414982
0460414983
0460414982
7700111010
8200048193
0460414983
8200663258
7700111010
0460404097
7700870130
0460414982
0445010018
0445010099
8200379376
0445010196
0445010033
167008960R
8200170377
0445010033
8200423059
0445010033
0445010028
8200456693
167008683R
8200108225
8200041766
0445010033
7700107114
0445010018
8200170377
8200061475
0445010099
0445010033
0445010031
167001056R
0281002534
0445010250
8201045496
8200423059
0445010205
0445010099
0986437031
8200430599
0445010140
8200457039
8200430599
8200423059
8200170377
8200950493
8200108225
0445010028
0445010530
0445010704
8200108225
8200108225
0445010018
7700111010
0445010205
0445010018
0460494282
0445010223
8200211416
8200423059
0445010033
8200561664
0445010075
0445010094
8200430599
8200690744
8200457039
0445010205
167001056R
8200108225
0445010075
0445010218
8200057225
0445010234
0445010075
0445010404
0445010075
0460494435
0445010704
8972289164
8200041766
0460414982
0445010099
0445010530
0445010018
0445010033
8200430599
0445010075
0445010170
0445010208
0445010170
0445010704
8200108225
8200055072
0460494437
0445010031
7700111010
0445010033
0445010018
0460404081
8200041766
8200690744
0445010704
8200561664
0445010205
0445010018
7700870130
0445010704
167007358R
8200843903
0445010094
167007358R
7700110395
8200211416
0445010031
8200170377
0445010094
8200057346
8200057225
8200950493
8200108225
0445010031
0445010406
0445010033
7700111010
7700111010
0445010075
167007358R
0445010087
8200055072
8200456693
0460494332
0445010148
0445020002
8200211416
8200108225
0281002483
0445010704
8201045496
7700111010
0445010704
0445010028
0445010033
488105110R
0045010704
0445010033
8200342594
0445010404
0460494327
8200108225
0445010087
0445010205
8200057225
0445010033
0445010099
0445010099
0445010140
0445010099
0445010170
0445010018
8200057346
8200055072
0445010099
0445010704
0445010075
8200055072
0445010170
0445010075
8200456693
0986437501
8200055072
8200055072
8200108225
0445010033
0445010234
167005114r
0445010406
8200707450
166303162R
0445010094
8200010076
8200821184
8200803375
8200041766
8200821184
8200108225
8200055072
8200456693
8200430599
0445010704
0445010704
8200456693
8200170377
0445010075
167005114R
5010248530
0445010148
8200055072
0445010081
0445010406
0445010099
8200561664
0445010148
0445010205
0460494332
8200613055
8200108225
8200423059
0445010081
0445010156
0445010018
8200704200
8200423059
8200704200
0445010033
8200690744
8200041766
8200170377
167008557R
8200108225
167008557R
0445010018
0445010205
0445010704
167000061R
8200385478
0445110569
0460494332
0281002483
0445010704
167007358R
8200057346
8200091805
8200707450
8201045496
8200561664
7700107167
0445010018
0460494332
0445010704
8200423059
0460494228
0445010018
0445010530
8200791749
167007358R
0445010170
0445010704
167007358R
0445010704
8200010076
0445010704
167005114R
0445010033
0445010205
0445010075
8200057225
0445214258
0445010704
167007358R
0445010704
167007358R
8200057225
167003669R
0445010704
0445010087
0445010033
8200055072
8200055072
7700111010
0445010028
8200586851
8200613055
0445010099
8200821184
0445010099
0445010031
8200108225
8200564112
8200211416
8200690744
0445010170
8201163444
0445010031
0445010033
0445010075
0445010075
8200613056
8200041766
0460414984
8200663258
8201100115
8200108225
8200934657
8200211416
8200170377
0445010075
0445010120
8200690744
0445010075
0445010439
8200456693
8200211416
0445010170
8201100115
8200211416
8200803375
8200108225
0445010018
8200108225
8200108225
0445010075
7700111010
0445010018
0445010223
0445010018
7700111010
0445010018
8200041766
8200041766
8200309193
8200108225
8200704210
8200108225
0445010170
8200456693
7700111010
167005114r
167001056R
7700111010
8200108225
8200057225
5001838558
0445010075
8200108225
0445010075
8200690744
0431214027
0445010530
167001056R
8200108225
7700111010
0445010031
0445010170
0445010150
0445010148
8200586851
8200821184
8200108225
0445010704
167007358R
0445010031
8200055072
0445010075
8200663258
167008859R
167008859R
167008859R
0445010075
7700107114
8200010076
0281002483
0460494394
0460494436
0445010148
8200561664
0445010530
0460494333
0460494451
0445010075
0460414993
0445010099
0445010033
0445020002
8200577990
0445010530
0445010704
167007358R
0445010033
0445010033
0445010018
0445010170
167000061R
0445010704
0445010704
8200690744
0445010530
0445010530
0445010148
0445010704
8200108225
0445010530
0445010530
8200010076
0445010028
0445010530
8200937929
8200679828
8200456693
8200680077
0445010018
488106198R
7700111010
8201100115
0445020002
8200690744
167000061R
8200950493
0445010031
7700107170
0445020002
167000061R
0445010117
0480414984
0445010033
167007358R
167003669R
0445010033
0445010075
8200663258
8200041766
166345880R
8200803375
8200108225
0445010075
167005114R
7700103485
8200727635
488105110R
0460494333
167001056R
8200561664
0445010075
8200108225
8200690744
0445010087
0445010087
8200385478
8200048193
0445010031
0445010033
8200704210
0445010140
8200503229
8200663258
0445010075
0445010099
8200055072
167003669R
0445020006
0445010031
0445010033
8200170377
0445010170
8200803375
0445010250
8200055072
0445010087
0445010018
8200055072
8200055072
0445010140
8200503229
0445010075
0445010075
0445010099
0986437301
0445010075
8200456693
167000938R
0445010439
0445010439
0445010099
0445010099
0445010099
8200057225
8200170377
8200057225
0445010704
0445010704
8200108225
167008960R
8200055072
0986437044
8200804288
0445010170
0445010170
8200679828
167008557R
0445010223
7700111010
488105110R
0445010082
0445010082
0445010216
8200779460
0445010148
8200561664
0445010218
0445010218
0445010148
0445010140
0460414988
7700111027
167000061R
7700111027
8200503230
0445010196
8200108225
8200108225
0445010099
8200385478
8200108225
0460484044
166307214R
0445010704
167007358R
8200663258
8200342594
0445010148
0445010530
0445010075
8200912103
0445010075
167008859R
0445010170
8201045496
8200108225
0445010250
8201121521
0445010018
0261520432
8200801679
0445010404
167008960R
8200108225
167008859R
8200108225
0460494141
167005114R
167000938R
0445010234
7711134385
0445010406
167007358R
0445011500
167009230R
0445010170
8200430599
0445010404
0445010087
8200057225
0445010099
0445010404
8200108225
8200057346
8201045496
0445010075
8200170377
0445010404
8200561664
0445010099
0445010031
8201102066
0445010170
0445010170
0445010031
0445010170
8200663258
0445010404
0445010250
0445010099
8200256255
8200108225
0986437302
0445010170
0928400679
8200821184
8200057346
8200108225
0445010223
8200934657
0445010087
8200240204
0445010234
0445010033
0445010075
0445010075
0445010075
0445010033
0445010404
8201045496
0445010033
0445010223
8200057225
7700111010
0445010018
8200613055
167007358R
8200240204
0445010406
8200690744
0445010075
0445010208
0445010031
8200385478
7701047284
0460414998
9672605380
0445010148
7711368409
8201022504
8200057225
0445010205
0445010530
0445010404
0986437015
8200503229
0445010075
0445010075
0445010148
8200055072
8200055072
8200457039
0445010081
8200055072
0445010223
8200456693
0445010170
8201045496
0445010170
8200061447
8200803375
0445010018
8200055072
0445010281
0445010170
0445010170
0445010033
0445010075
0445010281
0445010033
8200179757
0445010234
8200041766
0445010075
8200430599
0445010170
0445010075
8200564112
0445010170
7700107167
0445010205
8200707450
0445010075
8200704210
0445010075
7700111010
0445010704
8200659766
0445010124
7700111010
7711135549
8200760757
8200108225
8200561664
8200613055
0445010170
8200821184
8200430599
0445010075
8200170377
7711368410
8201103766
8200821184
7700111010
0460404087
167008557R
0445101070
0445010250
8200037472
0445100071
0445010404
0445010033
0460494027
8200456693
0445010250
0445010250
8200108225
0445010704
8200108225
8200108225
0445010704
8200055072
8200057346
8200108225
0460494451
8200055072
8200108225
8200108225
8200041766
8200690744
8200211416
0445010223
0445010075
0445010099
167007358R
0445010170
0445010223
8200108225
8200108225
8200456693
8200108225
8200423059
8200821184
8200055072
0445010406
0445010170
8200170377
8200663258
8200061475
8200170377
8200108225
0445010406
0445010033
8200821184
8200430599
0445010439
0928400651
167002133R
8200057346
8200659766
8200690744
8200663258
0460404081
0460404971
8200503229
0445010099
0445010018
0445010196
0445010094
8200057225
167008683R
0460404969
0445110316
167008683R
8201024002
8200041766
0445010197
8200055072
0445010028
0445010234
8200663258
166307214R
0460114982
0460414983
0445010033
167008683R
0460494449
8200057225
0445010033
167003608R
0445010099
0460404081
7700111010
0445010406
0445010018
0445010031
167008683R
0445010018
0445010197
0445010611
0445010140
167008683R
8200704210
167008683R
0445010033
8200707450
8200057225
0445010075
0445010197
8200057346
8200791749
0445010099
0445010099
0445010404
0445010260
0460494141
0414755006
0414755007
8200108222
167000061R
0445010250
9383623780
0445010148
8200561664
0445010033
0460494451
167008683R
8200567290
167005114R
167008683R
0445010703
8200055072
0460494341
167008683R
0445010703
0445010099
0445010099
8200108225
0445010148
0445010250
0445010099
8200108225
0445010314
0460414988
0445010075
0445010099
0445010099
0445010099
0445010404
0445010250
0445010075
8200057225
8200704200
0445010075
0445010530
0445010099
8200680077
0445010138
9683703780
0445010075
8200567290
0445010234
0445010404
0445010404
0445010031
0470504015
0445010439
0445010234
0445010099
8200057225
0445010404
0445010205
167002972R
8200170377
0445010075
0445010537
167008683R
0455010075
0445010404
0445010205
8200423059
0445010075
0445010517
0445010250
0445010031
0445010641
0445010223
8200934657
0445010250
8200057225
0445010703
0445010075
0445010205
0445010234
8200567290
0445010406
144602753R
167007358R
167008960R
0445010075
0445010534
8200423059
0445010223
0445010530
0445010018
0445010094
0445010170
0445010148
167008683R
8200690744
167008859R
167008683R
167008960R
0445010404
0445010537
0470506002
7700110395
0445010250
0470504015
0928400502
0445010102
0445010507
0445010031
0460484074
8200108225
0445010075
0460494437
0445010223
0445010099
8200456693
0445010170
8200690744
147102557R
0445010099
0445010170
8200108225
0445010075
8200456693
0445010138
0445010208
0445010075
0445010033
0445010314
0445010099
0445010223
0445010223
0445010223
8200680077
0445010170
0445010031
0445010137
0445020013
0445010075
0460494396
8200108225
8200561664
0445010170
8972289164
0445010018
0445010033
8200430599
8200385478
0445010089
0445010102
9656300380
0445010075
0445010404
0445010530
8200010076
8200561664
0445010234
0445010099
0445010208
167008960R
0445010170
8200342594
0445010223
7700111010
0445010075
0445010031
0445010205
0445010033
8200690744
0445010031
0445010223
8200108225
8200779460
8200170377
0445010033
8200170377
7700103485
8200108225
8200704210
8200803375
0445010018
8200108225
8200057225
7700111010
8200690744
0445010087
0445010031
8200690744
0445010018
8200704200
8200707450
0445010537
0445010094
0445010250
0445010170
0445010704
0445010223
8200567290
167005114R
8200057346
0445010704
0445010223
0445010764
0445010081
0445010223
8200690744
8200950493
8200055072
8200256255
8200256255
8200707450
8200057225
0445010031
0445010148
8200690744
0440010018
0445010018
0445010530
0445010099
167008960R
8200057225
8200170377
0445010170
0445010099
8200430599
167003669R
7700111010
8200108225
0445010170
0445010530
0445010250
0445010703
8200821184
167001056R
7700111010
8200010076
8200663258
167008557R
8200690744
0445010099
0445010099
0445010218
8200108225
0445010223
8972289194
8200690744
0445010530
0445010627
0445010223
8200586851
8200041755
0445010205
0445010509
0445010530
167008859R
167008960R
0445010764
0445010148
0445010537
167007358R
167003669R
0445010529
0445010517
0445010512
8972289194
8200690744
0445010216
167008960R
0445010530
0445010511
0445010028
0445010534
0445010512
0445010033
0440020039
0445010586
0445010506
0445010099
0445010520
0445010585
0445010594
0445010223
8200054528
491108694R
0445010516
0445010530
0445010530
0445010594
2418455325
0445010586
0445010406
0445010510
0986437406
0445010585
0445010533
8201045496
167008683R
0445010512
0445010033
0445010033
0445010033
7711368410
0445010704
8200057346
0445010216
0445010170
0445010087
0445010018
0445010075
0445010087
0445010170
167000061R
167000061R
167000061R
167000061R
167000061R
167000061R
167000061R
0445010018
167008859R
0445010250
0445010704
8200057225
8200256255
167008859R
167008859R