1110010017
1110010017
1110010017
1110010017
0281002507
0280142300
0422127010
7701206905
0928400743
7701206905
0928400502
0928400502
7701206905
0281002500
7701206905
0928400584
0281002507
0928400825
0928400671
7701049693
2210027010
0928400502
0928400502
0928400502
0928400502
0928400502
2257027012
0928400703
0928400502
0928400502
0928400487
7701068143
7701049693
227702184R
0928400714
7701049693
7701049693
0928400502
2257027011
0281002483
0928400714
0928400502
0928400700
0928400502
0281002507
7701068143
7701068143
5010633321
7701068143
0928400493
0928400502
227702184R
7701206905
0281002753
0928400487
0281002800
7701206585
0281002500
0281002507
7420715049
5001585409
0928400502
0928400686
7701206905
0928400575
0928400769
0928400487
0928400502
5001867926
2418552037
8111108002
8200503229
8200503229
0928400681
8200179757
0928400584
8200179757
0928400584
8200179757
0926400675
8200179757
8200179757
0928400672