0281002507
0281002937
0928400502
0281002522
0281002483
8200418270
0281002405
0928400825
0281002937
0281002937
7485125642
7701478058
0928400487
0281002568
2158100070
0928400825
0928400686
0928400825
0281002398
2158100070
0281002800
7701478058
0281002481
0281002836
0281002907
7701068400
0281002405
0281002504
172020069R
7701206905
0281002504
0281002937
0281002937
0281002753
8200426552
0928400825
0281006053
0281006726
2158100070
7701206905
7701206905
149566215R
7701206905
0281006053
1110010017
1110010017
1110010017
1110010017
0928400672
0928400770
0280160560
0281002909
0928400672
0281002836
7700113483
7701206905
0928400502
8200897892
166384364R
0280160560
1110010017
0928400487
0928400679
166392934R
165398000R
7701056064
166098000R
0281002483
8200179757
0281002534
8201232985
7700113071
0928400635
0281002800
0928400675
2504058613
0281002494
1110010015
0928400664
8200486264