7700805114
8200588627
172025557R
5197416599
8200007332
8200465954
166305283R
172024378R
9741659902
7482158844
5197417799
7700422039
8200432673
8200704613
164634480R
223650754R
5010505318
170110001R
6025102735
166398000R
7420981968
8200035909
223650754R
172020054R
7700422039
5010505320
170110001R
8200432673
7700805114
0281002836
164634480R
7700429144
172020054R
170110001R
8200465955
8200288808
0350347520
7700315154
8200704613
8200432673
8200704611
172020069R
8200288808
8200155192
8200432673
7700832218
170110001R
8200704613
0974165990
5197417799
166393977R
8200397677
172021477R
8200128477
8200128479
7700307151
7700315154
7700416987
5197416599
8200841249
8200588627
5197416599
166393977R
5197416599
172024535R
6025304881
8200247198
8200128479
8201056587
172020029R
8200084183
5010505321
166393977R
164634480R
223650754R
7700429138
5010505326
172020092R
0580313053
172020092R
7700832219
7700784185
8200418270
8200052390
5010149216
5010505515
7420981968
5010505326