8200135504
7700112519
8200347593
8200135504
175214823R
8201003197
0445214025
8200842432
8200490287
8200053030
0445214050
8200286064
8200053030
8200135504
8200391398
0281002719
175210651R
7700114546
8200601367
7700108667
8200842432
0280158034
175222462R
175200117R
175231448R
8200842432
0445214230
175204385R
175215346R
7700870914
175210542R
7700114017
175201470R
213554888R
175218188R
8200842432
0445214078
8200604620
8200604620
175226637R
8200701690
8200942721
175214823R
7700107405
7700273702
0445216033
8200365996
175222462R
0445214050
175210542R
100019432R
7700870914
175210542R
0445216020
0445216019
0445226003
0445214256
0445214114
175215346R
175210542R
175201470R
0445214078
175213876R
8200296867
7700109066
0445214255
175213876R
175216420R
0445214212
0280158293
0445214155
1752175430
7700112519
8200365996
0445226008
7700112519
0445214024
0281006191
8200661279
0445214155
7700112777
175210651R
8200701690
175222462R
175206420R
0445226003
0445214024
8200661279
7700112777
175216547R
175215346R
175201470R
8200135504
8200135504
175217543R
8200323837
7700112519
8200426552
7700112519
8200378703
0445214258
0445214065
8201028992
0445214065
175214823R
175222462R
0281006241
175210542R
0281002405
8200494284
175215697R
7700274294
0445110328
8201125736
8200527247
0445214050
0281002534
166002932R
0445214079
0445214195
175215346R
0281002405
175222462R
166002932R
0445226008
7700114546
7700107405
175219059R
175219059R
175201470R
8200367230
175219059R
0445214212
175216420R
0445214024
0445214065
0281002916
0445214079
0445214079
0445214175
8200584032
175226637R
8200815617
8200053030
8200292590
166392853R
0445214065
8201157327
175213876R
0281002915
0445214062
8200053030
7700114546
175226637R
0281002405
0445214114
0445521402
0445214079
175216420R
0445214127
175200037R
0445214114
175204385R
175210542R
0445214175
0445214256
0445214065
0445214065
0445214155
0445214114
0445214175
0445214179
0445214173
8200053030
8200108225
0445214258
175226637R
0445214114
0445214114
0445214212
0445214212
0445214153
175216547R
0445214258
8200815617
0445214153
0445214065
0280158216
8200292590
0445214251
175214823R
175202322R
175217543R
0445214078
8200347593
0445214042
0445214258
175210542R
8200367230
0445214173
0445214155
8200396999
0445214230
0445214065
0445214062
0445214062
0445214062
0445214207
0445214207
0445214230
7700114546
0445214114
0445214207
0445214155
7700112777
0445214155
0445214179
7700273702
7700870914
7700114546
7700107405
0445214142
175210542R
8200750048
175226637R
0445214146
0445214093
175210542R
0445214155
0445214144
7700114546
0445214155
175217814R
8200378703
175216420R
175201470R
175202322R
8200053030
8201000546
8200135504
0445214175
0445210042
0445214175
0445214155
0445214195
175210542R
0445214079
0445214347
0445214258
0445214050
0445214153
8200347176
0445214114
8200367230
0445214250
175210542R
0445214258
175210542R
175210542R
175210542R
0445214212
0445214207
0445214155
0445214062
0445214024
175215346R
0445214173
0445224030
0445214015
0281002706
8200704212
100019455R
0281002937
0445210080
8200661279
0445214196
0445214258
175217543r
175226637R
175226637R
0445214258
175226637R
175200037R
0445214155
175217543R
0445214258
175214823R
175210542R
8200734317
175217814R
175214823R
175216420R
0445214114
0280158216
0445226003
7700112777
7700107405
8200379181
0445214173
8200379181
7700114017
0445214155
175210542R
175210542R
8200912225
8200661279
0445214079
0445214250
0445214062
8200842432
175226637R