3130113130
3130113130
3130113130
3130113130
3130113131
3130113130
3130113131
3130113131
3130113130
3130113130
3130113130
3130113130
3130113130
3130113130
3130113130
3130113130
3130113131
3130113130
169108548R
3130113130
5197000000
3130113130
5197000002
3130113130
5197000000
3130113130
8200027963
3130113131
5197000000
5197000002
3130113130
3130113130
3130113130
3130113130
3130113130
3130113131
3130113131
3130113131
3130113130
3130113130
3130113130
3130113130
5197456599
3130113131
3130113130
3130113130
3130113130
3130113130
3130113131
3130113130
3130113130
3130113130
3130113130
3130113130
3130113130
3130113131
3130113130
169102698R
0281032615