0438100150
0438100011
8200057232
0438100160
0438100049
0438100007
0438100053
0438100006
0438100057
0438100153
0438100045
0438100063
0438100114
0438100033
0438100135
0438100134
0438100093
0438100104
0438100066
0438100147
0438100123
0438100127
0438100115
0438100120
0438100024
0438100004
0438100035
0438100149
0438100148
0438100137
0438100025
0438100002
0438100136
0438100031
0438100116
0438100108
0438100125
0438100076
0438100098
0438100005
0438100126
0438100105
0438100097
0438100080
0438100067
0438100077
0438100140
0438100060
0438100109
0438100092
0438100062
0438100113
0438100010
0438100028
0438100101
0438100081
0438100100
0438100082
0438100078
0438100061
0438100032
0438100073
0438100075
0438100030
0438100094
0438100079
0438100023
0438100083
0438100064
0438100059
0438100039
0438100018
0438100074
0438100058
0438100021
0438100003
0438100065