0350698809
272109961R
272100001R
7700435180
7701046941
9041502422
7701209803
7701057555
7701057555
7701048387
7701062226
7701048390
7701207718
7701048390
7701209802
5027262000
272104377R
7701046941
7701055135
0350698728
0350698729
7700784634
8200181136
7701209802
7701207876
7701207853
7701206104
7701046941
7701206104
7701049076
7701205899
7700421900
7701047853
7701057557
7701048390
7701207718
7701048390
7701057555
9041502422
9041502422
7701035892
7701057555
7700840099
7701056598
0350698513
7701048387
7700810270
9041502697
7701062226
7701048390
7701207718
7701048390
7701057555
214811690R
7700421900
7701057556
7701057555
7701048390
7701207718
7701048390
7701057557
7701048390
7701207718
7701048390
0350698816
0350715229
7701057555
0350715232
7701055135
7701056965
7701209802
7701209802
9041502422
0350715057
7701046941
7701206104
7701062225
7701035892
0350715231
0350698277
0350715056
7701026612
7701062226
7701062226
7701062225
7701056965
7701055135
7701062226
7701062225
7701062226
7701062225
7701046941
7701207876
7701209802
0130063102
0130063506
7701056965
7701048387
7701048387
7701048387
7701048387
7701048387
7701048387
7701048387
7701048387
7701048387
7701048387
7701048387
7701048387
7701048387
7701048387
7701048387
7701048387
7701057555
7701209802
7701046941
7701049076
7701045554
7701045554
7701208225
7701056965
7701050310
7701205899
7701208226
7701051272
7701046941
7701048387
7701048387
7701048387
7701048387
7701048387
7701048387
7701048387
7701048387
7701048387
7701048387
7701048387
7701048387
7701048387
7701035892
7701057683
7701208225
7701055135
7701055135
7701050310
7701209802
7701055135
7701046941
7701062225
7701062225
7701062225
7701062225
7701050310
7701046941
7701208226
7701051272
7701208226
7701208226
7701208226
9041502422
7701056598
7701208226
7701051272
7701067033
7701051272
7701040562
7701067033
7701040562
7701208226
7701051272
7701051272
7701209803
7701051272
7701051272
7701045892
7701208226
7701209803
7701209803
7701209803
7701209803
7701209803
7701209803
214812415R
214812415R
7700799450
8200250481
7701207876
8200066098
9174550017
7701046941
7701046941
7701208226
7701051272
7701051272
7701208226
7701209803
7701209803
7700435179
8200434758
7700351938
7700848970
7701208226
1738300000
7700810270