7701059205
7701059205
0694013240
0694013240
0694013240
0350715250
0350715233
0350698810
0350698329
272109961R
7701050899
272109961R
7701056965
272100237R
0350715008
0350715243
272109399R
272109961R
0350715066
0350698059
7701059205
7701033536
7701040540
272108241R
272100042R
272108241R
272100042R
7701033536
7701040540
7701033536
7701040540
272108241R
272100042R
7701045892
7701206250
7701045892
7701206250
0350698330
0350698328
7701045892
7701206250
272109399R
0350715071
0350715343
0350715060
7701068976
7701059205
7701056598
272109399R
272109961R
0350715012
272109961R
7701068976
7701059205
5001833357
7701059205
5001833357
7701068976
0694013240
272109961R
7701056598
272109961R
7701068976
7701068976
7701068976
7701068976
7701068976
272700726r
7701059205
7701067950