7701040562
7701051272
7701206351
0350509900
7701209850
7701209850
7701209850
7701040562
7701040562
7701206351
7701040562
7701207876
7701040562
7701209850
271500889R
7701046941
7701209850
7701209850
7701209850
7701209850
0350509899
7701059206
7701059206
7701209850
7701059206
255507773R
7701057557
7701057557
7701057557
7701057557
7701057557
7701057557
7701057557
255507773R
7701206104
7701040562
7701209850
7701206351
7701209850
7701040562
7701209850
7701050890
7701051272
7701206351
7702206221
7701040562
7701050890
7701206351
7701207876
7701050890
7701206104
7701206351
7701209850
7701209850
7701209850
7701209850
7701209850
7701209850
7701209850
0350509898
7701209850
7701040562
7701040562
7701051272
7701209850
7701209850
7701209850
7701040562
7701209850
0350515084
7701059206
7701057557
7701206104
271500889R
7701051433
7701059206
7701050325
7701209850
7701048390
255507773R
7701051433
7701209803
7701067033
7701051272
7701206104
7701051433
7701040562
7701046061
7701040562
7701045553
0350515083
0350509638
7701048390
7701209803
7701048390
0350515086
7701046061
7701051433
7701209850
214936501R
0350509536
7701045870
7701051433
0350515137
0350515069
7701051272
7701209850
7701045870
7701051272
7701051272
7701206104
7701206104
7701051272
7701209850
214936501R
7701209803
7701209803
7701206351
7701051433
7701209850
7701046061
7701050325
7701207718
7701209850
7701209850
7701209850
7701209850
7701040562
7701209850
7701209850
7701040562
7701040562
7701051272
7701046061
7701040562
7701209850
7701207718
8518184281
7701209850
7701050890
7701209803
7701209803
7701209803
7701209803
7701033535
7701051272
7701050325
7701040562
7701051272
7701051272
7701051272
7701051272
7701040562
7701209850
7701209850
7701040562
7701051272
7701040562
7701051272
7701209850
7701209850
7701209850
7701040562
7701051272
7701209850
7702206221
7701033535
7701050325
7701209850
7702206221
7701051272
271500889R
7701051433
7701207876
7701040562
7701207876
7701040562
7701051433
7701050325
7701051272
7701209850
7701051272
7701209850
7701209850
7701209850
7701209850
7701040562
7701209850
7701040562
7701209850
7701040562
7701209850
7701209850
7701206104
7701209850
7701206104
7701206104
7701046941
7701207876
7701209803
7701209850
7701209850
7701209850
7701209850
7701208226
7701050890
7701208226
7701209850
7701209850
7701209850
7701209850
7701209850
7701051272
7701051272
7701040562
7701209850
7701209850
7701209850
7701209850
7701051272
7701209850
7701208226
7701050325
7701050325
7701208226
7701207717
7701209850
7701209850
7701040562
7701209803
7701209803
7701209850
7701209850
7701209850
7701209850
7701046941
7701059206
7701206104
7701057557
7701051272
7701051272
7701040562
7701051433
7700765533
7701057557
7701057557
7701046061
7701046061
7701209850
7701209850
7701209850
7701051272
7701051272
7701209850
7701209850
7701044011
7701040562
7701209850
7701209850
7701207717
7701209850
7701040562
7701209850
7701207717
7701057557
7701209850
7701207717
7701209850
7701207717
7701209850
7701040562
7701040562
7701040562
7701207717
7701048390
7701207718
7701048390
7701048390
7701207718
7701048390
214936501R
7701209850
7701048390
7701207718
7701048390
7701048390
7701207718
7701048390
7701048390
7701207718
7701048390
7701048390
7701207718
7701048390
7701046943
7701048390
7701207718
7701048390
7701207717
7701208226
7701207717
7701067033
7701040562
7701067033
7701209850
7701048356
7701057557
7701206104
7701209850
7701209850
7701209850
7701040562
7701209850
7701050890
7701209803
7701040562
7701209850
271500889R
8200045082
7701051272
7701050900
214936501R
7701206351
7701051433
7701050890
7701206104
7701051433
7701049661
7701033535
7701046061
7701209850
7701208226
7701050325
7701050325
7701050325
7701208226
7701209850
7701051433
7701040562
7701209850
7701040562
7701209850
7701207717
7701057557
7701209850
7701040562
7701209850
7701040562
7701040562
7701209850
7701209850
7701046941
7701048766
255501295R
7701206104
7701051433
7701040562
7701206104
7701209850
7701046061
255505343R
7701207876
255505343R
7701206104
7701050325
7701046943
7701206104
7701050890
7701050890
7701051433
7701046941
7701206351
7701209850
7701050325
7701209850
7701051272
7701067033
7701040562
7701209803