271104141R
7701048762
272702761R
8200784933
272706686R
738108657R
8200195623
271437720R
272707498R
272706952R
8200784930
7701039481
8200195623
7701206524
7701207712
7701208323
7701205450
7701205451
7701039481
7701036909
6025170679
7701036909
7701208110
8200784933
272702607R
6025170679
8200296671
8200784930
272704051R
6025170679
7701036909
7701208110
7701205584
7701205584
272709355R
7701033457
6025170679
272700024R
8200367470
272702761R
271001925R
7701205450
7701205451
272702607R
272707975R
7701207712
7701208323
8200367469
7701207454
271202013R
6025370900
8200410468
7701044790
7701205538
272704051R
7701205538
271107284R
210472718R
7701205538
0350715345
7701204993
272706523R
7701205538
271154374R
3502181610
6025170679
7701207454
7701065763
7701036909
7701208110
6025371298
6025370416
6025370901
7701038542
6025170679
7701205538
7701044790
7701045552
7701032297
7701207454
7701207454
7701039481
7701065763
7701205584
8200001904
7701205450
7701205451
7701038543
7701042517
7701205450
7701205451
6025370414
6025370415
6025370901
6025370415
6025370900
272707498R
7701204680
7701033457
7701033457
7701034551
7701204680
7701205450
272704466R
7701205451
7701204992
7701207712
7701208323
7701205538
7701206524
7701027078
7701027040
7701208110
7701205584
7701205584
7701205584
7701205584
7701205584
272707010R
285254307R
7701473279
7701205450
7701205451
7701205584
7701205584
7701038542
7701205450
7701205451
7701038542
7701207712
7701208323
8200784930
7701036909
7701208110
6025170679
7701473279
7701205584
6025170678
6025170679
7701038542
7701044790
7701045552
7701038542
7701206524
7701044790
7701045552
7701208671
285254307R
7701040562
738108657R
7701040562
285252071R
7701208671
7701208671
6025370414
6025371298
6025370415
6025370414
7701206524
6025370414
6025371298
7701044790
7701045552
7701204992
7701205450
7701205449
7701033457
7701205538
7701205584
7701065763
271159831R
7701033457
7701034551
7701038542
6025370415
6025370414
7704000112
7701044790
7701045552
6001547484
7701035891
7701032297
7701204992
7701207712
7701208323
7701207992
272701583R
7701033457
271103759r
272701111R
272700009R
272700807R
7701033457
7701033457
7701033457
271101494R
271103759R
8200006922
272707424R
8200283473
272706606R
8200296662
272703040R
272705324R
272702607R
738108657R
272700023R
8200283472
8200296678
8200065445
271003466R
7700351942
738108657R
8200367470
738108657R
272707975R
8200296680
272702607R
8200237481
6025370414
6025370414
7701048762
8972406917
8200399596
272702607R
8200205424
272704051R
272704724R
272708880R
272704724R
272704466R
272704724R
8200367470
272700033R
341041752R
8200195623
3502182230
3502182230
272703128R
8200365190
272704051R
8200447414
272705324R
272704051R
272704051R
272702687r
272706606R
285252071R
8200410468
8200784930
687816044R
272705269R
272703227R
6025409293
272700023R
8200367469
8200480083
8200784930
8200367470
272700004R
8200963998
8200480086
8200296696
271104141R
272706606R
272706606R
738108657R
285254307R
8200367469
272700954R
271205475R
271209459R
271209459R
3502182170
3502182170
8200480083
272702607R
272700642R
8200487009