8200001893
7701055893
7700751187
7701061590
7701207957
7701207957
7701061590
0643004060
7701207957
7701056003
7701207957
7701061590
7701061590
7701207957
7701061590
7701207957
7701056003
7701061590
7701061590
7701207957
7701061590
7701207957
7701207957
7701049802
7701056003
7701056003
7701049802
7701061590
7701052465
7701044526
7701207957
7701207957
7701044526
7701056003
7701056003
7701049802
7701207957
7701207957
7701207957
7701207957
7701061590
7701044526
7701207957
7701207957
7701207957
7701207957
7701049802
7701207957
7701207957
7701056003
7701207957
7701207957
7701207957
288100941R
7701057358
7700437775
7701050898
7701056003
8200027823
7701044526
287108228R
288004542R
7701044526
7700311590
7701061590
7701044526
8200001892
0350579234
7701061590
7701207936
7701058169
8200001891
287105483R
7701058169
7701049802
0350579737
0350582601
0350579750
8200080900
8200031085
288150950R
8200002001
0350579763
0350579731
7701061590
8200001891
0643000210
287102467R
8200153458
288101843R
0390242404
8200071214
8200311486
7700766527
0390201847
287100006R
8200001891
287100010R
288004542R
8200031085
8200311486
0350579753
7701061590
7701052465
287100010R
7701049802
0350579756
0350579738
0350579710
0350582616
0350579759
7701061590
0350579732
0350579761
7700433890
288003381R
7701061590
7701036015
7701052465
8200001891
0390246332
8200153458
0350579223
7701061590
7701054373
0350582618
0350579755
0350579735
8200153458
7701049802
0350579159
0350582605
0350582604
0350579736
0350579233
0350579172
0350579711
0350579220
7701054373
7701056003
3397020812
7701057358
7701061590
7701061590
0643000210
7701055893
7701055893
7701061590
7701057358
0643000240
7701054828
7701054828
7701061590
0390201836
7701054373
7701054373
7701049802
7701049802
7701056003
7701057358
7701044526
8200031083
7701206549
7701049802
8200268931
0643000240
0643004040
7701061590
7701061590
7701061590
7701061590
0643000240
7701061590
0643000240
0643004040
7701061590
7701061590
7701061590
7701061590
0643000240
7701049802
7701056003
7701049802
7701061590
7701052465
7701052465
7701044526
7701056003
7701061590
7701061590
7701054828
7701054828
7701049802
7701066449
8200001893
7701061590
8200071214
7701049802
7701066449
8200001893
7701061590
8200071214
7701046038
7701058169
8200001892
7701061590
7701058169
7701061590
0643000210
7701049802
7701049802
7701049802
7701049802
7701049802
8200268931
288004542R
7701049802
7701049802
7701057358
7701054373
7701057358
7701058169
7701061590
7701049802
7701049802
7701049802
8200734582
8200313354
7701055895
7701058169
7701054172
7701049802
7701204818
7701056003
0643000240
7701049802
7701066449
7701066449
7701066449
7701061590
0643000240
0643000210
7701044526
7701044526
7701044526
7701056003
7701056003
5010623023
7701056003
7701056003
7701056003
7701056003
288001683R
288001683R
288100236R
288100236R
288100236R
5010441051
8200153459
7701056003
0643000240
8200313354
287100007R
0390246326
0390246310
7701054828
0390241805
7701056003
8200268931
287100010R
7701054373
7701057358
7701066449
287105483R
7701061590
7701061590
7701056003
5010623023
7701054373
7701061590
7701054828
7701058169
7701057358
7701058169
7701066449
7701049802
7701058169
7701057358
7701054373
8200001891
7701066449
5010623023
7701207957
7701061590
7701207957
7701056003
7700429615
7701061590
7701207957
7701056003
7701049802
7701207957
7701056003
7700437777
288004542R
7701058169
288005974r
5010441051
288004542R
0390241777
0390241541
0390241379
0390243508
0390346143
287100004R
8200313354
7701049802
7701054373
7701057358
7701061590
7701066449
7700429881
7701049802
7701049802
8200001892
7700433890
288155536R
8200734788
8200734788
288004907r
8200409692
3397021666
0390243508
0390243508
288002950R
8200734788
8200734788
8200734788
8200141270
8200734788
8200409692
288003381R
288004907r
8200364766
8200409692
0390241541
0390241541
288004410R
288009321R
8200409692
288001161R
288001161R
288008337R
288008337R
288000001R
288001161R