4614945322
0986628254
7420804638
4614940266
4800200100
4614945020
7421177259
0986628254
5010525808
0986628254
0986628254
0986628254
0986628254
4614945322
0986628255
0986628254
0986628255
4721950180
4750150460
5010339859
7420804638
4630790030
0486203004
1485515023
4728800010
0486203030
5010457557
4341002530
5010260523
4728800010
0024317005
0481064205
4728800010
5010260033
9125140040
9730113000
9730113000
5010612854
7420860739
4124420010
0486203002
5010344185
5010216977
5010457151
4728800200
5010633321
7421602383
9125140040