440009915R
7701049092
7701207694
7701207693
7701207694
7701206344
7701208333
7701208332
7701208333
7701208332
7701049091
7701206344
7701208333
7701208332
440609415R
440601749R
7701049109
8200735269
7701050916
8200675681
7701049109
7701049109
7701049109
7701207693
8200735266
7701050916
7701050916
7701050915
7701050915
7701050915
7701049091
7701049091
7701049092
7701049091
7701049092
7701049092
7701049092
7701049092
7701049091
7701049091
7701049091
7701049091
7701049092
7701049092
7701049091
440013425R
7701206344
440102238R
440008660R
7701207694
7701207693
7701206345
7701049091
7701049091
7701049108
440006645R
8200735266
0986474226