7701207787
7701207786
7701206344
7701049108
7701049109
7701206344
7701049108
7701049108
7701056166
7701056166
7701206344
7701207787
7701207786
7701206344
7701208256
7701207694
7701207694
7701206345
7701206345
7701206344
7701050916
7701050915
7701208333
7701208332
7701207694
7701207694
7701206345
7701206345
7701206344
7701207694
7701050915
7711135703
7711135704
7701050915
7701209867
440011499R
7701049109
7701207694
7701207694
7701206344
7701208257
7701207693
7701207693
7701207693
7701207693
7701207693
7701049109
7701050916
7701050915
7701207694
7701207694
7701049108
7701050915
7701050915
7701050916
440110830R
440011499R
440014373R
7701207694
7701050916
7701050916
7701050915
7701050916
7701050915
7701050916
7701050916
7701050915
7701050915
7701050915
7701050916
7701050916
7701050916
7701050915
7701050915
7701050915
7701050916
7701050915
7701050915
7701050916
7701050915
7701050915
7701050916
7701050915
7701050915
7701050916
7701050916
7701050916
7701056165
7701049108
7701049108
7701206345
7701049109
7701206345
7701049108
7701206345
7701050915
7701049108
7711135695
7701049108
7701206754
7701050915
7701049108
7701049108
7701049108
7701206755
7701049108
7711135695
7701206754
7701207694
7701049109
7701049109
7701206344
7701049109
7701049109
7701207694
7701049109
7701049109
7701207694
7701207694
7701207694
7701049109
7701207694
7701050915
7701049108
7701049108
7701207694
7701206754
7701049108
7701049108
440014373R
440014373R
7701049108
7701049108
7701049108
7701049108
440118711R
440014373R
7701208361
7701049108
7701049109
7701049108
7701207694
440111516R
440111516R
7701206754
7701049108
7711135695
7701049108
7701207478
440118711R
7701049109
440014373R
440014373R
7701049109
7701207694
7701207694
7701207694
440118711R
7701049109
7701206754
7701049109
440014373R
440111516R
440111516R
440110830R
7701049109
440111516R
440014373R
7701207693
7701049109
7701207693
440014373R
7701206754
7701207693
7701207694
7701207693
7701207693
7701207693
7701050919
7701207693
7701207693
7701207693
7701207694
7701056166
440010814R
440111516R
7701206345
7701050916
7701050915
7711135703
7701056166
440010814R
7701050916
7701050916
7701050915
7711135703
7701056166
440014373R
440014373R
440014373R
440014373R
440111516R
7701049108
7701050915
7701207694
7701050916
7701056166
7701050916
7701050915
7701050916
7701050915
7701050915
7701056165
7701206755
7701056165
440011499R
7701207693
440111516R
7701207694
440111516R
7701050916
440010814R
7701206755
7701206754
7701056165
440010814R
7701050916
7701050916
7701050915
7701208037
7701207693
7701207693
7701207694
7701206345
7701050916
7701050916
7701050916
7701206344
7701050916
7701050916
7701050916
7701050915
7701050915
7701050915
7701050916
7701050915
7701206344
7701050916
7701050915
7701206344
440014373R
440014373R
440014373R
7701207693
440111516R
7701207693
7701050915
7701050915
440014373R
440014373R
440014373R
7701049108
7701207694
7701049108
7701049109
7701049109
7701207693
7701050916
7701207693
7701207694
7701207694
7701207694
7701209868
440014373R
440111516R
7701050915
7701056166
7701050916
7701050915
7701050916
7701050916
7701050916
7701050916
7701050915
7701050916
7701050916
7701050915
7701208257
7701207693
7701050915
7701050916
7701050916
7701050915
7701050915
7701207693
7701207693
7701207693
7701207693
7701207693
7701207694
7701208257
7701049108
7701049109
7701049109
7701049108
7701056166
7701207694
7701049109
7701049109
7701049108
7701049108
440014373R
7701050915
440014373R
7701050915
7701050916
7701050916
7701050915
7701050915
7701050915
7701050916
7701050915
7701207694
7701209868
7701209867
7701049108
7701050916
7701050916
7701050915
7701050916
7701050915
440014373R
440111516R
440011499R
7701208257
7701049109
7701050915
7701050916
7701049109
7701050915
7701050915
7701050916
7701050916
7701049108
7701049109
7701049108
440014373R
440111516R
7701208257
7701208257
7701050915
440014373R
440014373R