8200647895
440111516R
562100008R
7701206344
7701208362
7701207693
7701050920
7701050919
7701206345
7701208257
7701049108
7701050919
7701206345
7701206344
7701207787
7701207786
7701207787
7701207786
7701208362
7701208256
440014373R
7711135703
7711135704
440010814R
7701206344
7701208256
440110830R
440110830R
7701207694
7701210109
440002496R
7701208361
440110830R
440111516R
7701208264
7701207478
7701208257
7701207694
7701209867
5901947375
7701208361
7701050916
7701208257
7701208361
440010814R
440002496R
440002496R
440605238R
7701477050
7701208361
7701208361
7701049109
7701049109
7701049109
440014373R
440111516R
440014373R
440111516R
7701208362
7701208361
7701049109
7701049109
7701049109
7701049108
7701049108
7701049108
440110830R
440011499R
7701056166
7701056166
7701050915
440014373R
440110830R
7701208257
7701208036
7701208257
7701208257
7701206345
7701207477
7701207478
7701208361
7701207477
440014373R
440014373R
7701049108
7701208264
440014373R
7701207693
7701207693
7701206345
7701208257
440014373R
7701208361
7701208257
7711135703
440010814R
7701050916
7701050915
7701208361
7701208257
7711135703
440010814R
7701056165
7701208037
440010814R
440111516R
440111516R
7701208257
7701206754
440014373R
7701206754
440110830R
7701208257
7701050920
440115651R
7701208361
7701208264
440115651R
7701208361
440010814R
7701208361
7701208361
7701207693
410110092R
7701207693
7701207693
410110092R
410110092R
7701206344
7701206344
7701207694
7701206344
7701050916
7701208257
7701207693
7701206754
7701206755
7701050919
7701207693
7701208257
7701049109
7701049109
7701208257
7701208257
7701206344
7701056166
7701207694
7701208257
440111516R
7701208257
7701208257
440110830R
7701208262
7701208128
7701207694
7701207694
7701207694
7701207693
7701207693
7701207693
7701208361
7701208257
7701208361
440014373R
440014373R
7701207693
7701207693
7701208361
7701208257
7701056166
7701208361
7701208257
440111516R
440111516R
7701208257
440008660R
7701208361
8200735289
8200715078
8200715079