440110001R
545016805R
7701049108
7701056166
7701206755
7701208264
7701049108
7701206754
7701208263
7701208257
7701050920
7701206345
7701206344
7701206345
7701206344
7701208362
7701049108
7701049108
7701206755
7701206754
7701049108
7701050919
7701208362
7701050920
7701050919
7701049108
7701049108
7701206755
440014373R
7701056165
7701049108
410015708R
7701049108
7701049108
7711135704
7711135736
7701208127
440119651R
7701206345
7711135719
0204102968
0986474260
0204004321
2434241702
0204004173
7711135704
7701208128
7701207694
7711135720
7701206344
7701208037
0204004174
0204004173
7701208361
7701206754
7701056166
7701049109
7701049109
7701049109
7701056165
7701208361
7701049108
7701208361
7701049109
7701049109
7701208257
7701208257
7701056166
7701056166
7701208257
7701208257
7701208361
7701208261
440115651R
440014373R
440115651R
440014373R
7701056165
7701056165
440110830R
440110830R
7701056166
7701208264
440115651R
7701208264
7701208264
7701208361
7701208257
7701049109
7701049109
7701049109
7701049108
7701049109
7701049109
7701049109
7701207693
7701208261
440110830R
410110092R
7701209868
7701208264
7701056165
7701208257
7701208263
7701208256
7701208257
7701209868
7701056166
7701208256
7701208256
7701208257
7701208264
7701049109
7701049109
7701049108
7711135737
4281200000
0204004320
7701049108
7701207693
6000000772
7701206755
8170343091
2434241701
7701208256
7701208257
7701206344
7701209868
7701208362
7701208361
7701208261
7701206754
6025371281
7701207693
7701208261
440102238R
7701207694
440109743R
7701208361