0986494528
440600819R
410601596R
410601596R
410601596R
0252321518
440605839R
4154210400
4154210400
4154210400
0986494697
0986494331
7701209117
0986494528
0986494856
0986494848
0986424021
0350302164
0986494288
0986494288
0986494032
3639160603
7701209117
0350598305
440604694R
0986494857
3639160606
7701209869
0986494288
440604876R
440604876R
440604876R
0986494288
0986494090
0252321518
8660000762
7701205491
0252198018
0986494592
0986494289
7701208183
0986494043
0986494331
0986460932
1304602845
0986424774
0986424833