4543021249
7701208257
7701208256
7701207477
7701208362
7701208264
7701208257
7701208256
7701208264
7701208256
7701049108
7701049108
7701049108
7701206755
7701208256
7701208257
7701207477
7701049108
7701206344
7701208257
7711135695
7711135695
7701049108
7711035695
7711135695
7701049104
7701206344
7701049108
7701206754
440010001R
440119906R
545057345R
6025371281
7701207478
6025371281
7701049108
7701049109
7701049109
7701049109
7701049109
7701056166
7701206344
7701207478
7701049108
7701208257
7701208257
7701208257
7701208264
7711368826
7711368121
7701056165
7701049109
7701208257
6025371281
6025371281
6025371281
7701049108
7711035695
7701208263
7701207478
7701208263
7701208263
7701207478
7701207477
7701207478
7701207477
7701049109
7701049109
7701049109
7701049109
7701049109
7701049108
6025371281
6025371280
7701049108
7711035695
7701049108
7701049108
7711035695
7701049108
440015452R
440111516R
7701208263
7701207478
7701208263
7701049108
5010422261
440118711R
6025371281
7701208264
7701049109
7701049109
7701207478
7701207477
7701206754
7701049109
7701049109
7701049108
7701056166
7701049108