8200113700
8200113700
8200113672
8200113701
8200113681
441614236R
8200113701
8200113672
8200113681
441614236R
8200113700
8200113701
8200113701
8200113672
8200113681
8200113701
8200113672
8200113681
440015394R
0204201748
440015394R
1987474749
1987474611
0204201747
440015923R
441614236R
7701050917
1987470615
1987470624
1987474749
7701040840
7701070979
7701035890
7701060126
7701069125
7701059704
7701060126
7701069219
7701035377
7701038284
1987470639
1987470654
7701051524
7701051524
8200741199
8200741199
441614236R
8200113700
8200741199
441614236R
8200113700
8200741199
7701051525
7701051525
7701051525
7701051525
8200741199
7701051525
7701051524
7701051524
7701051524
7701051524
5001860791
7701034528
7701059704
7701060126
440015923R
440017348R
7701040840
7701035890
440015394R
7701035377
7701035895