0986487013
7701205758
3013702092
7701202543
4241000000
7701202543
7701201801
4654042010
7701202543
7701204637
6314230007
0986487528
7701204637
6001551409
0301370382
7701207178
6001551409
7701206429
5001844749
7701204883
7701205339
7701204835
7701205102
7701204835
7701207266
7701208357
6025370305
7701203780
7701202969
6001551409
7701203979
7701206429
7701207178
7701205758
3013703582
6001547630
3421906427
7701204835
7701207266
7701204835
7701207266
7701202288
7701202543
7701204835
7701206242
7701205758
3013703582
7797112218
7701205758
7701202542
7701202661
7701204835
7701207266
7701204835
7701206242
3013704622
0986487585
0986487550
0986487528
7701207178
0301370201
7701204637