7701205758
440607493R
7701205758
440609415R
5827017310
6000542694
4241000000
4241000000
7701204883
7701205339
4241000000
0986487734
9134211154
0986487585
0986487699
5001860712
0986487745
7701208357
7701205523
7701204835
7701202543
6025370305
7701207178
7701205758
7701201221
6001547630
1363901710
0986487699
1610091280
7701205758
7701204883
7701205339
7701204883
7701205339
6025370305
6001547630
6025370302
7701205339
7701208357
7701205758
3013703582
1610091280
7701205758
7701204883
7701205339
7701204883
7701205339
6025370305
6001547630
6025370302
7701205339
7701208357
7701205758
3013703582
7701205758
7701205758
7701205758
7701205758
7701205758
7701205758
7701204637
7701202922
7701204835
7701207266
7701204835
7701207266
6001547630
7701204835
7701207266
3421906427
3421115438
867101299R
7797112218
4654042010
7701208111
7701204268
7701202542
4241000000
7701202542
7701202820
7701205523
7701204835
7701206242
7701207178
3013704232
7797112218
7701200247
7701202345
7701349642
3013703362
3013704542
7701204835
7701207266
3421115438
0986487699
0986487599
7701205339
0986487585
7701205290
7701205290