3421116050
3421116050
7701204638
7701205755
7701205758
7701204835
7701205102
7701205758
3013703582
440609415R
5827017310
7701205758
7701204835
7701206242
3421115438
3421115730
3421116050
3421906712
4654042020
7701204835
7701203716
7701206429
0986487624
0986487668
7701204883
6001549703
6314230007
4363900610
0986487774
0986487570
0986487668
7701205290
4363900410
3421906427
7701205339
7701204883
7701205339
6025370305
7701204883
7701205339
4654042010
7701204883
7701205339
7701204883
7701205339
1606631180
7701204883
7701205339
6025370305
7701205758
7701205523
7701205523
6001551409
7701205523
7701205523
7701205523
7701207555
7701205523
7701205517
7701209586
440607493R
6001551409
7701205523
7701205523
4363900810
6001551409
6001549703
6001549704
7701209586
3013704982
6001551409
7701209586
3013704982
7701202900
7701202900
7701207556
7701205690
7701202900
7701205523
7701205720
7701205517
0986487570
5001844749
8455458172
7797112218
7701204835
7701207266
0986487668
0986487668
0986487570
7701205290