7701205517
7701204638
7701209586
3013704982
7701209586
7701206971
7701209586
7701209586
7701207555
7701205517
7701208357
7701205523
7701205339
6001551409
6001549704
6001549703
0986487525
5001844749
6001551409
6025370302
7701208357
7701204883
7701205339
7701205339
6025370305
7701208357
7701204883
3421115730
7701204883
7701205339
6001551409
7701208357
7701208357
440601843R
7701209586
7701210109
6001549703
7701210109
6001549703
1610091280
4654042020
5001844749
7701205523
7701205517
7701205523
7701205720
7701206962
7701205523
0204113735
0204113735
0204113735
0204113735
6001549703
6001549704
1606631180
1609066080
6001549703
7701210109
7701203545
440607493R
0986487525
0204113611
6001549703
7701205523
7701205523
7701206429
7701207178
7701205758
7701202543
3421115438
3421115730
7701204883
7701205339
4654042010
7701208357
6001549703
6001549704
0986487774
7701206971
0204113735
4363900810