7701205289
0204114518
7701203065
7701203579
7701205098
7701205318
3052022193
7701203862
7701205755
7701205758
3052038173
7701207267
7701203579
0204114201
7701205526
7701205755
7701208114
7701202542
7701202542
7701205758
7701202288
7701209591
7701208358
7701205523
7701205096
7701210108
1903217800
1606631180
7701206242
7701205098
7701207641
440601749R
440601843R
7701205307
7701203341
7701205318
7701203983
4154200220
6001549703
6001547627
8671014482
6025370302
6025370917
7701205307
7701205341
7701205755
6001551413
7701203341
7701205526
6001549703
7701210109
7701208114
6001549703
7701210109
7701205341
7701205290
7701205097
7701203862
7701205098
7701205755
440605238R
7701207178
7701207268
7701210109
6001549703
0204114073
0204114201
7701207179
0204114197
0204114554
0204114518
0204114549
0204114156
7701205526
7701205289