7701208062
7701205289
6001549704
7701203533
7701203534
8201046963
7701206242
7701207268
7701205819
7701205102
7701207267
7701203121
7701203458
7701204836
1909018300
0204114896
7701205526
1909018300
7701206429
6001549704
7701210108
7701206242
1909419000
7701209591
7701209591
0204114626
8201046953
6025370917
3052055223
7701205307
7701205341
8201046953
6025370917
3052055223
7701205307
7701205341
6001549704
7701210108
7701207268
8201046963
8201046949
6001547627
7701208114
7701208357
7701207641
7701209591
7701205523
6001549705
440209423R
1909419000
8201046963
8201046949
1903219000
7701206430
7701209591
7701206242
0204114153
0204114167
0204114153
0204114167
0204114167
0204114153
7701204836
7701205314
7701203340
7701205755
3052047193
8201046963
8201046949
7701205307
7701204884
7701205526
7701207640
7701205526
7701207640
7701206242
7701207268
6001551413
0204114153
0204114167
0204114896
0204114193
0204114626
7701209591