432033713R
7700710511
432033713R
0986477169
7700840711
7700419824
0986477172
7700783392
432004334R
0986477120
7700304984
4363500300
4363500400
8200243735
7700827866
0986477120
7700419824
432006468R
7700304984
7700304984
7700419824
6001548126
7700752363
7700419824
7700710513
7700783030
0986477169
7700304984
0986477210
7700419824
0986477061
5010098794
7700419824
7700827866
7700685473
7700752363
7700685473
7700752363
6001548126
7700752363
432004255R
432006468R
7700302145
6001548126
7700419824
0986477172
7700304984
7700827866
0986477120
7700839322
6001548126
7700419824
7700710511
2402228015
7700783030
0986477169
7700783030
7700419824
0986477205
0986477169
0986477120
0986477172
7700419824
8200276843
440005784R
7700783030