7700304984
0986477169
0986477172
0986477169
432001501R
0986477169
7700304984
7700419824
2402180032
0986477120
432000505R
6001547703
7700839322
0986477175
0986477120
0986477175
0986477206
432000505R
7700302145
432000505R
7700421739
8200276843
2402203033
432000505R
432000505R
8200171690
7700421739
8200276843
7701202245
0986477283
0986477172
0986477120
432006468R
8200672836
0986477211
8200171690
7700421739
7700839322
6001547703
7700840711
8200172066
7700421740
7700839322
6001547703
432004334R
432007629R
8200243735
7700428821
7700820816
7700419824
8200028861
7700710511
7700421740
7700710513
6001547703
7700839322
7700710511
432006468R
8200672836
7700302145
432004255R
0986477120
7700839322
432026617R
7700419824
6001548126
0986477120
7700421739
7700710511
7700421740
7700710513
8200243735
2402203036
7700421739
8200171690
7700421739
8200171690
7700304984
8200276843
2402203033
7700820816
8200243735
2402203036
7700840711
2402203012
7700840711
2402203012
6001547703
7700827866
7700839322
7700710511
2402228015
7700302145