0986494723
0986424455
2570200702
4363601510
7701203919
0986494597
7701207034
4363600610
0986424751
7701209869
440600866R
410604775R
7701206599
0986494034
7701206044
7701209639
0986461148
7701204670
7701203726
4363700310
2413700702
6025308186
7701204036
440606633R
7711130071
440600264R
6001549803
0350301059
7701050914
0350601474
0986494520
0986494521
2596500702
410608481R
440608061R
0986494040
0986494032
0986469860
0986463490
0986494331
0986494043
0986424532
2482000704
6025407835
0252482015
7701208142
410609646R
7701209864
0986494848
7701205491
8671016192
0252393018
440604694R
7701042416
7701035405
6001549706
441263507R
7701043790
7701035464
7701033391
7701035310
7701043913
7701043912
7701039395
7701035406
7701039388
7701067647
7701040850
7701044603
7701036385
441004731R
7701036386
7701039389
7701035473
7701035311
6001549707
7701070956
7701208355
7701033390
7701033600
7701047838
7701070668
7701044602
6001551410
7701208352
8200159837
8200183452
7700416532
7700846509
0273004678
0265800839
8200453735
2857006305
476607355R
9404601858
476604349R
476606747R
8200183495
8200245034
0273004395
8200559748
8200196053
472100005R
476609761R
0265956035
7701204918
0265231300
0265956285
2857006341
8200157453
476605492R
460117382R
0265234601
0265237094
0265220544
0265220668
0265800316
8200025772
476602369R
472103202R
8200076082
8200747140
0265216012
7700411778
476601842R
8200344006
476603593R
476601283R
0265232356
476608796R
8200403322
0265800558
476600053R
8200737980
476609473R
0204051645
6025301696
8200624642
8200100246
8200085584
476602079R
0265801133
476601203R
476604794R
0265216608
8200528357
7700302426
8200334969
0265800335
2265106516
472104789R
0204051376
0265234000
8200038702
4172100005
8200551143
476603625R
7700314206
472108051R
0265237015
0265800737
8200034011
7700425822
460115213R
0265800387
0265800559
476605718R
7700410475
0265232077
0265230777
8201037016
0265234372
472105013R
472100021R
8200510287
476601802R
0273004359
7700432643
476600007R
8200038695
0265800300
8200837963
460915125R
0265950300
0265234310
0273004125
7700428596
0265800519
0265220666
0265234188
8200344607
8200270251
8200685699
0265234468
8200882870
0265231577
7700832771
476608428R
8200527390
8200737986