476608644R
2265100410
0265234128
8200300202
0265234470
8200551154
8200249245
8200327669
0265800498
8200430798
0265231676
0204051034
0265234138
146508418R
7701207497
1161100100
0265231474
8200344606
476933571R
1100004025
476608497R
0265231359
8201065089
0265231338
8200229137
6025170405
7701203719
8200129951
0265231804
8200559749
0265243683
1009701440
476603249R
472104788R
8200737985
0265950728
0265231333
8200674380
7701205407
7700820232
7700315090
0265950377
8200895681
8200090691
0265950045
476600981R
0204051643
476605476R
7700804900
6025004479
7701205931
6001547857
6001551028
7700787630
7701205740
7701206229
3212321463
3212044413
0273004621
7700846640
0256800335
0273004406
476606898R
0265216726
6025314081
7701203914
7700430801
9404601978
7700666325
7701349254
7700701834
7701026030
7700734129
7702145667
7701205484
7701204103
7701206230
3212215213
7700678528
7701349152
7701206233
7701207198
7701205815
7700665654
7701201353
7700829834
7701204610
7700666326
7701205213
6001548945
0273004460
7700314962
8200506830
472100453R
1009601420
8200511146
476601418R
8200047563
8200834969
0205800387
4766086444
0625800329
0265254802
8200750700
0265257881
2265106455
0265216732
8200951816
476605724R
476605296R
476607609R
460914024R
476600188R
0265950117
8200330812
1009701433
0265950454
746602272R
8201040536
0265232067
2265100416
476608240R
8200699125
8200001577
1009481401
0273004329
0265234472
476605023R
0265232163
0265956320
470600188R
8201163444
0265956403
8200053422
476602272R
8200647867
0265950563
2255106516
0226510041
0265800329
0265231516
478403423R
0265242152
0265231802
8200895687
476600550R
2851524208
8200443546
476935189R
8200837097
8200747138
1009701445
478400005R
476602750R
5010422336
0265950335
472105487R
0265216731
7700308989
1009461402
8200099599
0265218880
1004961402
0265231734
0273004341
1009601423
0265243365
0265201074
8200902378
8200036532
8200910008
1002070211
0273004620
0265216880
0265216740
0265231972
8200377455
472107616R
8201011838
0204051558
0265232403
476608844R
7700482643
0265801018
8200756095
1002030014
1009450501
8200864695
7700423034
8200624624
0265234620
8200701499
8200053423
476602071R
2856107802
0265950046
476602726R
7701206898
7701204110
476601406R