8200543879
7700410612
7700434189
8200113209
969804882R
739483145R
739486822R
7700433413
8200061169
969806926R
8200581875
963217348R
963295083R
963215715R
963212055R
7701349373
963290007R
9632110282
241603960R
8200105136
8200922466
8200601401
685005723R
491100915R
8200024738
7700426719
8200193992
7700419416
7700437081
8200059051
8200374085
8200562867
8200054528
8200826817
8200133821
491101050R
7700431713
7700840103
491100529R
7691955329
7700431285
8200001981
8200886459
8200302595
8200091805
7700840105
488105971R
8200054959
7700101192
8200826808
6700002890
491100033R
7700435692
8200888505
8973294701
8200100082
6900000291
8200751234
7700300535
8200059052
9685051580
8200937955
8200826816
8200937970
491100023R
8200937939
7700844158
8200589332
7673955533
7700694136
7700840106
7700273749
7700419155
6001546641
491109577R
491100219R
6001547641
7700417207
8200932439
8200826807
7700875710
8200294979
488101498R
491103097R
8201514069
8200113599
8973294700
6900000148
7684955132
488103965R
8200751219
7700846226
488108885R
7700437049
8200937950
7700105707
8201514070
7673955577
7700415198
8200319066
8200367111
7613955611
7700419156
6900000319
491101451R
8200709233
7700875690
9626095180
7700823735
8200826815
8200751243
8200024778
8200054529
7700115621
3200465703
6900002118
8200046035
8200867108
491101206R
7700432121
488108223R
488101531R
8200888500
6700003397
488107889R
491100699R
488103159R
5010557813
7700840107
8200991805
488106585R
488101913R
8200294982
7700840803
7700830787
7700843919
488106198R
8200246248
6900002163
8200091806
8200867106
7700840724
8201207613
8200265136
8200711377
8201183788
488106304R
7700100653
491109288R
491108814R
8200888370
7700823549
488108823R
7700599543
8200751237
7700419118
8200963686
7700869743
7700840805
7700108973
8200111785
8200223611
8200809483
6900001631
8200741585
7700875707
7700830487
8200809490
488102855R
488101061R
488108643R
8200826811
488102646R
488105110R
6900000472
488105851R
8200198992
8200826819
6700003396
7700875708
7700419410
7691955370
488100465R
7700420305
7700426008
7700419419
491103693R
7700417137
8200071050
7700830788
8201443858
6900003030
8200712890
8200376925
6820000115
488103776R
7701978479
8200709234
8200888373
8200294978