0258001035
0258010062
4619121611
4619121641
0258001051
8946587101
226907825R
8201395330
0281004163
8200035238
0258006311
2115005010
8200035997
226932462R
2165005001
0258010046
7700870827
0258986507
8200036542
0258003644
7700100713
226404490R
8200170204
8200036545
0258027031
7700856629
0258003234
0281604040
0258005135
0258003189
0258006294
7700871544
0258003006
0258003040
0258003061
226937264R
226400160R
0258006953
8200798270
8200406035
8200617211
0258006027
8200406337
226400956R
7700864987
7700861016
8201499129
0258002036
7700108027
227901939R
226903337R
0258003086
7401271939
8200196260
0258002040
7700862426
0258006791
7700872820
8201241344
226939198R
0258986505
8200036544
7700746375
8201035691
226409306R
7700103504
7700875342
0258002041
7700867408
7700107541
7700107561
0258986617
0258006970
8200650085
8620062160
8200916762
0258986503
8200579397
9635978580
7700872878
7700273715
0258005030
227932854R
227906850R
0258005726
0258017270
8200632270
7700874600
0258986646
0258006971
0258003508
0258003892
8946529645
8200590431
226901841R
6001549061
0258003685
7700273273
9639853680
0281004148
0258017043
0281004026
0281004069
0258017107
0281004123
0281004047
0258017052
0281004050
0281004129
0281004186
0281004040
1362344186
0281004066
0258030336
7700107434
226400396R
7700860246
0258986504
7700854506
7700867295
7700274190
7700101345
0258006295
0258027156
0009050008
226402153R
227931107R
7700105557
0258003448
0258005274
8200033618
7700107438
9635978280
8200052063
6001549060
7700260909
7700266922
226908466R
0258030313
0258030338
0258030530
226905987R
7700874327
0258006309
0258002058
0258003515
0258005097
8200771294
0281007413
0281007357
0258030007
0258008046
2344041910
1618000000
0258017353
4600001260
7700854148
0281004225
7700870318
226906393R
227930700R
2279905444
227906887R
1178754986
0258007036
8201140217
0258007071
227900016R
0258030470
227903557R
8200830903
0258986506
2165005110
226408367R
226405227R
2165005030
226404367R
147308126R
8200532548
227907342R
8200556133
227930077R
227904063R
8200761588
0824010297
7700851303
7701068472
7408631643
8200663806
8200485076
7700109844
8200668947
8200024503
1178753028
226580138R
227904120R
227908539R
227907452R
9817454580
227937300R