200102969R
8200871784
208020069R
8200302367
7700421260
200101773R
8200122428
7700421200
7700412169
7700414615
7700876145
7700431088
7700840309
208024159R
8200188039
8200899339
8200212860
820080381R
8201030945
8200574863
208172711R
200106407R
208023547R
8200057272
8200752731
208022043R
208028806R
8200756674
8202057272
8200170963
8200434542
208021813R
924544059R
8200468527
9676804980
208026223R
8200568605
2379336301
208020760R
8200446522
200107678R
8200561492
208026563R
208022523R
8200847557
8200391215
200103952R
208025441R
200106412R
3000003731
8200795217
8200598460
200109736R
8200746578
8200568594
208156551R
6269052200
8200525039
7421570880
8200795225
8200392221
208026624R
8200769821
8200766475
200109087R
8200894476
9658411580
208028313R
1144105660
208025328R
206021010R
200103815R
8200769153
208027401R
200101350R
140040840R
8200119714
8200137449
8200586673
8200210968
140041077R
140045202R
140042976R
8200868133
8200042887
8200481959
8200047882
140042975R
8200042882
6001548025
8200641758
7700874571
140048970R
5010284097
8200438833
140040846R
8200740580
140046202R
5000694082
8200888133
921009251R
7700434383
7700428083
8200024038
7701040668
8200245598
8200115543
7700425843
7700418301
7700414103
7700301253
7701038395
8200008763
6001550660
8200090213
8200742595
8200182361
8200663546
921005115R
8200708128
8200086193
8200191738
8200137650
7701045346
921001829R
921007845R
8200115534
921005824R
921002969R
921100001R
921001697R
175104049R
8200033733
7701208148
921003293R
921009956R
8200465480
8200465489
8200223000
921000005R
921004063R
921000002R
7700432391
7700838131
7700436062
7701057122
7700825961
8200757789
8200332852
921001952R
921000006R
8671017589
8660002501
7701052120
8200895918
7702233492
8200152728
8200325004
7701038227
8200221132
8200708130
8200468911
8200688392
8200411148
921006951R
921008540R
5010619517
8200465490
921008178R
3502030420
3502030480
4535000054
8200880551
921008028R
8200065567
8200106950
3502037280
8660003446
8200741257
9210000294
921000022R
8200448252
7701066110
5010230214
5010315281
7700434883
6025307276
7700876215
8671017594
7701238227
3502036870
5010514735
5010619735
8671017584
3502030230
8200513983
6025109349
8200221131
4155000054
8200455795