8200443897
8200019382
921006980R
3502033320
8200774211
6025313367
8200688393
7701044407
8200073912
8671017590
5001864981
5001884981
8660003447
7700414484
5001875436
7485113368
7885113368
8200682406
7701049665
921007794R
921100005R
7700428315
3502036930
921006188R
6025310510
6025310509
7420867662
5010580664
1265000103
7700433077
5010514079
5010315259
5010619265
5010619734
5000752789
5010514383
7482225454
5010382644
6025371296
921001397R
7420809759
7701205918
8200939386
8200454172
8200840899
7700872159
8200600110
8200561276
8200890987
8200819568
8200848916
8200509067
926003514R
8200037058
8200050141
8200421410
8200357173
7700859676
8200316164
0445110102
8200053264
8200067915
0261280686
926005689R
8200436108
8200457418
6000073500
8200940837
926000734R
926002352R
8200200671
7700105765
8200133818
7700103536
7700272497
926006229R
7711134454
8200979500
7700875357
7700866491
926000097R
8200424250
8200040681
8200315744
7700111036
8200678499
8200953358
7700111289
8200343375
7700273020
8200577732
7700100417
7700111182
8200618853
926005727R
7700870870
926007398R
926003123R
8200220924
8200716562
8201250900
8200024397
8200470242
926000217R
926007877R
8200849568
8200678509
926006266R
7700861971
926002332R
7700111235
8200651251
8200678507
7706273801
8200002182
8200669284
8200866437
8200578856
7700866828
2473000470
7700115830
7700273320
8200866436
7701499969
7700872158
7700273301
7711134670
5010483099
7701499858
8200866440
8200840770
926008582R
8200375173
8200832990
9671216260
8200309103
8200717562
8200277971
926003404R
7700272987
7700860997
7700272438
7700875489
9659875780
8200956574
926004990R
8200802609
926009582R
8200705022
8200720417
4472208622
926002890R
926000050R
0813809141
7700111298
926006316R
7700116286
4472209480
926008385R
1461204134
8200600117
926005217R
926003541R
8200729453
8200940233
7701499860
0417807374
9651910980
8200895057
926003358R
926000352R
2791909124
926001243R
8200678510
926008054R
0920616121
8200234036
1472209480
8200763772
926001732R
3185102844
8206651251
7711497036
926006775R
926008942R
8200980987
7700111014
926000216R
8200895036
8200979499
7711497298
8200678504
2449104704
936000734R
1333212504
8200021622
8200650566
8200365737
8200526884
7700027298