0580200203
7700802178
8200027936
8200195827
0580464096
0580464044
1462319080
0974565990
8200159254
1191104021
4315200200
172026119R
0350474663
7700274294
8200690744
0974006990
7700820286
7700825250
7700827359
0580203311
0974053990
8200016909
7700427100
9153880780
7400460821
7700827640
7700840830
7700812372
7700811048
6001023051
6025304882
7700716997
7700741339
7700726305
7700734250
7700736664
0580453030
9740069900
7700808949
7701348210
172020037R
7700687710
0580200519
0580464013
0580453911
0580314081
8200727740
0580453019
0580254950
0580453465
172020033R
0974065990
8200155192
166714557R
8200029163
172021869R
7700829965
8200342594
8200821184
8200071331
8200385478
7910246476
9999163575
6001000470
7700266206
8200465955
8200306918
8200004966
0580203309
172021706R
0580200265
8200057324
8220018313
0580203319
8200170377
8200725020
8200683209
0580464074
8200052390
8200921327
0580453045
8200073820
172023644R
0580200191
172027215R
8200683191
0986580802
172024101R
172021275R
7700427101
8200193062
8201184565
172022980R
7700429139
172027392R
2445110500
7700852989
8200906204
8200004952
172024055R
0580203120
172020056R
8200013383
172020772R
172026934R
172025354R
0580453496
8200704684
7700832218
0580203353
172026944R
3130113002
0261520432
172027123R
1612115020
8200683188
172020092R
250602674R
5010580122
172026041R
0986580801
172027628R
0986580803
8200780954
172020342R
7700422037
7700113514
0580454002
3111107000
9740659405
0986580804
7700832220
0580453427
8200096476
6001547604
8200689362
9151819080
172029199R
172026517R
166301888R
167007358R
7711064162
172021575R
8200008527
172021485R
172022185R
0580200030
175126107R
172020059R
172027452R
172021210R
172026951R
8200760582
0580200025
166307214R
8200760583
172020371R
0580464077
8200889201
7700849037
0986580958
172024329R
0580200034
172020060R
5001863917
172024983R
0580203315
172020291R
170110002R
0580254979
0580464069
166303162R
0580464126
0580313053
0440020038
0350347208
0580200518
0986580957
8200146092
0580464090
172028462R
7420997341
8200683180
8450009527
8200137903
172020434R
8200414432
6001547605
8200663258
172027515R
4534700494
0580203152
0445010234
0445010406
166305283R
172020069R
172021439R
166307020R
172020299R
172027726R