172023807R
8200037995
8200432671
167003669R
0445010094
8200155188
0986580177
172020093R
8200355945
0580203314
0580203368
0281002314
172021574R
172024921R
8200704626
8200895544
0580203351
8200683207
8200588625
0261520445
8200906231
7421067551
172025139R
172024280R
0350347108
0580203169
172020255R
172022047R
250607248R
7420961884
1612216062
9999163388
1135404021
8200680583
0445010031
0440020028
0445010704
0580203312
0580203313
0440020035
0445110141
0445110110
8200903034
0445110265
0445110485
0445115084
8200028797
166091245R
0445110338
166006212R
0445116059
0445120002
8200058379
166000372R
8200084534
0445110146
0445110169
8200049873
8201100113
0445110021
8200294788
166008052R
0445110328
0445110084
0445110569
8200132793
0445110280
0445110063
0986435211
166001137R
8200421359
8200676774
8200238528
166009384R
166004305R
166000897R
8200815416
0445110375
0280158040
0445110178
8201043605
0445110038
0445110087
8200704191
175204385R
0445110728
166003355R
7701477325
8200484403
8200380253
0445115022
5801540211
8200827965
8200206565
8050100890
8200112289
8200389369
0986435275
0986435170
0986435236
8200842205
8200146357
7700112519
0445110119
0445115047
8200049876
0445110546
0445110652
8200505191
8200511099
0445110168
8200010074
0445110637
166009445R
0445110019
166000121R
0432193671
166000505R
0445110261
8200567290
0986435189
8050014460
166007840R
0445110127
8200198733
8200100212
166000804R
166006526R
166009567R
8200885287
1820067677
8050015717
8200010075
0261500548
0280158293
166007427R
0445110109
8200421897
166003429R
166005708R
8050013994
0432193757
0445110472
7700875760
5010477874
0445120020
8972391617
0445110134
8200239421
8200389359
8200549063
0445116033
8200889945
0986435501
166003170R
166002137R
8200839859
0986435350
8200231866
0986435007
0432193610
8050013885
0444021045
8200535108
166003978R
166005070R
8200490287
0280158170
8200128959
0445110939
0986435202
7700112883
8200101135
0445110150
0445110101
0445110064
8200207935
0280155613
166090273R
7711497343
0280150136
8201108033
0986435239
0986435086
166093915R
0280155994
0986435430
166006470R
0437502035
7700110397
0432193643
8200553570
8200218942
8200885283
8200228225
8200273891
0986435124
166008399R
8200333022
166000511R