166000262R
8200553118
0986435192
7701477158
208993839R
0280150995
1820012895
8200484408
7701474025
0432193754
166007383R
7700875036
0445110160
0445120064
7485121807
8200928978
8200047506
0986435016
8200912052
0445110643
0280158168
8200025248
175200117R
8200794299
2301098528
0443110083
166007866R
7700273702
0432193644
0280158226
0433171082
7700112888
924102087R
166006623R
0433271467
8201037748
9623551580
0261500210
0280158211
0445110297
166000849R
0438201062
7700109066
0432193753
7700107405
0986435205
0438201131
166007238R
0445110229
0445110184
0437502007
0445110800
166005721R
8200047509
0432193564
166004350R
8200207049
0414755006
8200603801
0261500109
8200037554
166003188R
8201408742
0445110083
0445110076
8200132254
8200296279
0986435173
8200340068
208994525R
8200100696
0445110895
8200579081
0445110256
7700867867
166004787R
8201408757
8200227124
0445110339
8201041272
7701476567
0445110082
7700875368
8200292590
0280158046
8200561664
166007885R
8200804536
166006609R
8200505056
0445120015
166007733R
8200409398
0986435529
166009373R
0986435240
0986435435
8201234808
0445110111
8200606383
0445110056
5001838468
0445214155
7701052837
9674973080
0445110300
0445120013
7701477005
0445110289
0986435179
7701477312
0445110524
0445110188
0444023005
7701474943
0445116030
166000672R
8200212715
7700116046
8201408754
7711497153
0445120197
0986435569
7701474915
0445110272
0445110125
0445110144
0445110156
0986435135
0445110044
8200053030
0445110145
8200171162
8200171173
9686191080
0445511002
0445110248
0445120012
0445116025
0432193563
8200381629
5110100618
0445120353
0445110092
0445120420
7701474032
0445115068
0445110098
0445110097
0986435066
8200340193
0280158047
175215346R
0445110374
0986435243
175210542R
0445110204
0280158216
7701478016
0445110069
8201408763
0445110055
0445110212
0445120147
0445214175
0445110096
0445110012
0986435004
0445110418
0445120201
0445120276
0445120004
0445120100
0445120219
0445120035
0445110059
0986435149
0445110030
0445110016
0445110182
0445110264
0445120354
0445110167
0445110135
0445110003
0445110121
0445120554
9649574480
0445120098
0445110171
0445110183
0445120099
0445110089
5110100607
0445110353
1208080573
0445110116
0445110181
0445110070
0445110301