0445110203
0445110100
0986435041
0445120162
5110100908
0445110202
0986435064
0445110189
0445214250
0445214258
0445214042
0445110177
175214823R
0445214212
0445110035
8200701690
0986435075
8200584034
8200704217
8200815617
175211218R
0445110955
9828959880
7700111010
0445214158
175212943R
8200661279
8200296867
0445216020
0445110635
0445216019
0445110275
0986435180
0445110327
7421006086
8201055367
8200283583
7700112880
8200038936
166002932R
7700111013
8201453073
7700857013
8200347593
8201100011
8201699085
0431214027
7701477040
166093282R
7421340614
0444023048
7421340613
7485000500
7485000986
7420972222
7420584348
7420584347
7420584345
7420972225
7420972223
7485003266
7485000873
7421371673
7421371675
7421371674
7485000987
7485000872
7421371672
7421340611
7420584346
7485003264
7485003265
7485003263
7420972224
7421340612
0445120003
166002119R
0414750003
7485020300
166007246R
0445120019
166092452R
166097675R
0445120016
0460414982
0460414983
8200048193
0460404097
7700870130
0445010018
0445010099
8200379376
0445010196
8200423059
0445010028
8200456693
167008683R
8200041766
7700107114
8200061475
167001056R
0281002534
0445010250
8201045496
0445010205
0986437031
8200430599
0445010140
8200457039
8200950493
0445010530
0460494282
0445010223
8200211416
0445010218
8200057225
0460494435
8972289164
0445010208
8200055072
0460494437
8200843903
7700110395
0460494332
0445020002
0281002483
0045010704
0460494327
0986437501
167005114R
8200707450
8200010076
8200803375
5010248530
0445010081
8200613055
0445010156
8200704200
167008557R
167000061R
7700107167
0460494228
8200791749
8200586851
8200564112
8200613056
0460414984
8201100115
8200934657
0445010120
0445010439
8200704210
5001838558
0445010150
167008859R
0460494394
0460494436
0460494333
0460494451
0460414993
8200577990
8200679828
8200680077
7700107170
0445010117
0480414984
166345880R
7700103485
8200727635
8200503229
0445020006
0986437301
167000938R
0986437044
8200804288
0445010082
0445010216
8200779460
0460414988
7700111027
8200503230
0460484044
8200912103
8201121521
8200801679
0460494141
7711134385
0445011500
167009230R
8201102066
8200256255
0986437302
0928400679
8200240204
7701047284
0460414998
9672605380
7711368409
8201022504
0986437015