8200061447
0445010281
8200179757
8200659766
0445010124
7711135549
8200760757
7711368410
8201103766
0460404087
0445101070
8200037472
0445100071
0460494027
0928400651
167002133R
0460404971
0460404969
0445110316
8201024002
0445010197
0460114982
0460494449
167003608R
0445010611
0445010260
0414755007
8200108222
9383623780
0445010703
0460494341
0445010314
0445010138
9683703780
0470504015
167002972R
0445010537
0455010075
0445010517
0445010641
0445010534
0470506002
0928400502
0445010102
0445010507
0460484074
0445010137
0445020013
0460494396
0445010089
9656300380
0445010764
0440010018
8972289194
0445010627
8200041755
0445010509
0445010529
0445010512
0445010511
0440020039
0445010586
0445010506
0445010520
0445010585
0445010594
491108694R
0445010516
2418455325
0445010510
0986437406
0445010533
1110010017
0281002507
0280142300
0422127010
7701206905
0928400743
0281002500
0928400584
0928400825
7701049693
2210027010
2257027012
0928400703
7701068143
0928400714
2257027011
0928400700
0928400493
0281002753
7701206585
7420715049
5001585409
0928400686
0928400575
0928400769
5001867926
2418552037
8111108002
0928400681
0926400675
0928400672
0281002937
8200418270
0281002405
7485125642
7701478058
2158100070
0281002398
0281002481
0281002836
7701068400
0281002504
8200426552
0281006053
0281006726
0280160560
0281002909
7700113483
8200897892
166384364R
165398000R
7701056064
166098000R
0928400635
0928400675
2504058613
0281002494
1110010015
0928400664
7700805114
8200588627
5197416599
8200007332
8200465954
172024378R
9741659902
7482158844
5197417799
8200432673
8200704613
164634480R
5010505318
6025102735
7420981968
8200035909
172020054R
5010505320
7700429144
0350347520
7700315154
0974165990
8200397677
172021477R
8200128477
8200128479
7700307151
7700416987
8200841249
172024535R
6025304881
8201056587
5010505321
7700429138
5010505326
7700832219
7700784185
5010149216
5010505515
8200135504
8201003197
0445214025
8200842432
0445214050
8200286064
8200391398
0281002719
175210651R
7700114546
8200601367
7700108667
0280158034
175222462R
175231448R
0445214230
7700870914
7700114017
175201470R
213554888R
175218188R
8200604620
175226637R
8200942721
0445216033
8200365996
100019432R
0445226003
0445214256
0445214114