175213876R
0445214255
175216420R
1752175430
0445226008
7700112777
175206420R
175216547R
175217543R
8200323837
8200378703
0445214065
8201028992
8200494284
175215697R
8201125736
8200527247
0445214079
0445214195
175219059R
8200367230
0281002916
8200584032
166392853R
8201157327
0281002915
0445214062
0445521402
0445214127
175200037R
0445214179
0445214173
0445214153
0445214251
175202322R
8200396999
0445214207
0445214142
8200750048
0445214146
0445214093
0445214144
175217814R
8201000546
0445210042
0445214347
8200347176
0445224030
0445214015
0281002706
8200704212
100019455R
0445210080
0445214196
8200734317
8200379181
8200912225
8200784324
7700821016
8200896213
172037373R
172023361R
8200371908
172026568R
172027655R
7700824943
204825649R
172032422R
9818716680
8200521964
7700423761
8200910786
172021745R
7700843434
8201017973
172020030R
8200455361
0027315121
8200947534
8200847534
5010503678
5010505365
172021728R
8201497675
7420908104
8200008544
5010409265
8200585808
208993933R
0444023016
0444023056
7422827991
0444023065
0444023017
0444023053
0281006570
0974665952
241413847R
8262240916
204204152R
204208161R
160726474R
3130113130
3130113131
169108548R
5197000000
5197000002
5197456599
164002670R
8200780965
8200116578
8200098730
164009963R
149507892R
8200672360
8200780968
7701475229
8200416952
7701208613
164039587R
164195227R
8201102931
6001549070
8200527654
164005420R
164000637R
8200314483
7700109585
164192090R
161005747R
164118062R
0438100150
0438100011
0438100160
0438100049
0438100007
0438100053
0438100006
0438100057
0438100153
0438100045
0438100063
0438100114
0438100033
0438100135
0438100134
0438100093
0438100104
0438100066
0438100147
0438100123
0438100127
0438100115
0438100120
0438100024
0438100004
0438100035
0438100149
0438100148
0438100137
0438100025
0438100002
0438100136
0438100031
0438100116
0438100108
0438100125
0438100076
0438100098
0438100005
0438100126
0438100105
0438100097
0438100080
0438100067
0438100077
0438100140
0438100060
0438100109
0438100092
0438100062
0438100113
0438100010
0438100028
0438100101
0438100081
0438100100
0438100082
0438100078
0438100061
0438100032
0438100073
0438100075
0438100030
0438100094
0438100079
0438100023
0438100083
0438100064
0438100059