0438100039
0438100018
0438100074
0438100058
0438100021
0438100003
0438100065
0414755002
0986445001
0414720228
0414720404
8200733242
7700315332
172218651R
172217859R
7700807761
172210004R
8200209773
8200733103
8200377002
8200849696
7700840186
7700416902
8200441762
7700865048
8200073162
7185024001
3435201597
7700864871
7700732104
0986435515
3435201547
0438201088
3435201507
0438201132
0350698809
272109961R
272100001R
7700435180
9041502422
7701209803
7701057555
7701048387
7701062226
7701209802
5027262000
272104377R
7701055135
0350698728
0350698729
7700784634
8200181136
7701207853
7701206104
7701049076
7701205899
7701047853
7701057557
7701035892
7701056598
0350698513
7700810270
9041502697
7701057556
0350698816
0350715229
0350715232
7701056965
0350715057
7701062225
0350715231
0350698277
0350715056
7701026612
0130063102
0130063506
7701045554
7701208225
7701050310
7701208226
7701051272
7701057683
7701067033
7701040562
7701045892
7700799450
8200250481
9174550017
7700435179
8200434758
7700351938
7700848970
1738300000
7701059205
0694013240
0350715250
0350715233
0350698810
0350698329
7701050899
272100237R
0350715008
0350715243
272109399R
0350715066
0350698059
7701033536
7701040540
272108241R
272100042R
7701206250
0350698330
0350698328
0350715071
0350715343
0350715060
7701068976
0350715012
5001833357
272700726R
7701067950
7701068992
7701042189
0350715005
272100975R
7701048969
272109102R
0350698281
7701207452
5001875386
272104937R
7701071862
7701206351
0350509900
271500889R
0350509899
7701059206
7701050890
7702206221
0350509898
0350515084
7701051433
7701050325
7701046061
7701045553
0350515083
0350509638
0350515086
0350509536
7701045870
0350515137
0350515069
8518184281
7701033535
7701207717
7701044011
7701046943
7701048356
8200045082
7701050900
7701049661
7701048766
255501295R
432027112R
432000185R
7701206541
255502585R
7701209275
7701050736
7701057684
7701068993
7701207715
271502060R
7701207453
271104141R
7701048762
272702761R
8200784933
272706686R
738108657R
8200195623
271437720R
272707498R
272706952R
8200784930
7701039481
7701206524
7701207712
7701208323
7701205450
7701205451
7701036909
6025170679
7701208110
272702607R
8200296671
272704051R
7701205584
7701033457
272700024R