440018805R
5001867472
410119298R
410009688R
410013472R
410110915R
5010525013
5010260215
6403190090
410113693R
5000792407
5000792406
5001867386
5001845383
440115245R
5000448789
5000448788
2706040041
2706040020
8200113700
8200113672
8200113701
8200113681
441614236R
440015394R
0204201748
1987474749
1987474611
0204201747
440015923R
7701050917
1987470615
1987470624
7701040840
7701070979
7701035890
7701060126
7701069125
7701059704
7701069219
7701035377
7701038284
1987470639
1987470654
8200741199
5001860791
7701034528
440017348R
7701035895
7701206685
7701033688
7701060077
7701055011
7701069126
6025070463
410151326R
7701060078
7701047825
7701058986
7701035896
7701055012
7701206003
6001547620
7701059398
7701051905
6001547618
7701040965
7701059987
7701051906
7701069239
7701069238
440013696R
7701205628
5010848607
410680001R
7420928552
7420928553
0986487013
3013702092
7701202543
4241000000
7701201801
4654042010
7701204637
6314230007
0986487528
6001551409
0301370382
7701207178
7701206429
5001844749
7701204883
7701205339
7701204835
7701205102
7701207266
7701208357
6025370305
7701203780
7701202969
7701203979
3013703582
6001547630
3421906427
7701202288
7701206242
7797112218
7701202542
7701202661
3013704622
0986487585
0986487550
0301370201
440607493R
5827017310
6000542694
0986487734
9134211154
0986487699
5001860712
0986487745
7701205523
7701201221
1363901710
1610091280
6025370302
7701202922
3421115438
867101299R
7701208111
7701204268
7701202820
3013704232
7701200247
7701202345
7701349642
3013703362
3013704542
0986487599
7701205290
1304602740
1304603977
7701209809
3421116050
7701204638
7701205755
3421115730
3421906712
4654042020
7701203716
0986487624
0986487668
6001549703
4363900610
0986487774
0986487570
4363900410
1606631180
7701207555
7701205517
7701209586
4363900810
6001549704
3013704982
7701202900
7701207556
7701205690
7701205720
8455458172
7701206971
0986487525
440601843R
7701206962
0204113735
1609066080
7701203545
0204113611
7701205289
0204114518
7701203065
7701203579
7701205098
7701205318
3052022193
7701203862
3052038173
7701207267
0204114201
7701205526
7701208114
7701209591
7701208358
7701205096
7701210108
1903217800
7701207641
7701205307
7701203341
7701203983
4154200220