8200802666
119269993R
5200330389
7700111172
123039555R
8200664348
8200051126
110421615R
123031297R
8201059878
7701477344
8200802664
8200269231
7701472674
117200334R
7700314992
117209389R
7701475629
117207014R
7701476473
117104394R
113560001R
117108063R
112108180R
8200000010
8200358666
112100020R
8200575641
8200171178
112221641R
112100014R
7700437391
7700434370
7700411189
112100001R
7700832256
6025304389
8200675206
8200404271
7700783018
8200423501
7700413614
7700425711
112107695R
8200352861
112383665R
8200358147
8200676857
113568280R
8200355673
112383734R
112849221R
112318425R
112310605R
8200365097
8200042454
7700827544
112222643R
113757025R
113560012R
112200014R
112387776R
7700832264
8200818984
8200022595
8200310825
7700308750
7700802927
7700817782
8200300616
8200003824
6001548160
8200103263
8200264322
7700745290
7700818371
7700818372
7700804163
7700785949
8200100116
7700432031
1614030005
7700428936
7700415088
7700415095
7700422529
112100004R
6001543360
8200014933
8200155207
8200281186
112848459R
8200325042
7700432411
8200014931
112127847R
8200725253
8200027116
112106577R
112388746R
7700308756
7700770480
8200181589
112530013R
8200175182
8200559729
117506193R
112313054R
8200102535
8200509784
8200140431
8200338381
112846249R
8200043084
011233248R
8200669495
2252500702
7701207996
0252369816
0252361318
0252413716
0986424833
7701206609
7701209101
3639160606
6025370851
410600629R
8200000002
8200400177
8200500928
7700422473
7700823949
8200038808
7700426193
8200175102
8200395661
546190005R
8200777542
7700806577
8200000003
8200027176
7700414099
6001549205
112387053R
112100005R
8200000016
112202847R
8200014932
112381035R
8200487916
8200148388
8200151995
8200127321
3082000000
113560009R
7700832262
7700432026
7700414827
8200675064
4317902580
8200042453
8200049238
8200021443
8200674936
8200780780
8200690091
117105124R
112325742R
112849605R
112200005R
820424899R
113320979R
3082000042
7700411638
7700788382
7700795687
8200338385
6025403418
7700423007
113327951R
7700428935
8200107258
8200261608
8201055993
112119667R
8200410267
112319818R
8200427530
8200000036
112201332R
8200805796
8200805813
7700785950
7700788383
7700437854
8200117837
8200338372
112539961R
112849073R
112219816R