6001547627
8671014482
6025370917
7701205341
6001551413
7701205097
7701207268
0204114073
7701207179
0204114197
0204114554
0204114549
0204114156
7701208062
7701203533
7701203534
8201046963
7701205819
7701203121
7701203458
7701204836
1909018300
0204114896
1909419000
0204114626
8201046953
3052055223
8201046949
6001549705
440209423R
1903219000
7701206430
0204114153
0204114167
7701205314
7701203340
3052047193
7701204884
7701207640
0204114193
5000820589
432033713R
7700710511
0986477169
7700840711
7700419824
0986477172
7700783392
432004334R
0986477120
7700304984
4363500300
4363500400
432006468R
6001548126
7700752363
7700710513
7700783030
0986477210
0986477061
5010098794
7700685473
432004255R
7700302145
2402228015
0986477205
8200276843
440005784R
432001501R
2402180032
432000505R
6001547703
0986477175
0986477206
7700421739
2402203033
8200171690
7701202245
0986477283
8200672836
0986477211
8200172066
7700421740
432007629R
7700820816
8200028861
432026617R
2402203036
2402203012
5010525805
6001548984
432002901R
0986477290
432005573R
432004197R
0986477287