7701036382
7701035661
7701472450
8200862244
8200062273
7701039396
7700872383
6001040367
8200188114
7700860265
7700854507
3002734400
7700105392
110442017R
110447055R
7701036383
7700108254
7701040180
110448588R
7700112739
7700859059
8200805657
5010553654
7700150392
8200151984
7700858334
7700733041
7701040010
7700864736
8200406743
7700872860
7700862492
110445901R
8200399103
8200356346
7701058030
8200264952
8200296969
7700867870
8200498869
7700112675
7701033528
7701039398
7700859803
7701052719
110449283R
7701478541
7701472955
7701052722
9636180080
7700867871
7701206358
7701479334
7701065095
7701474372
7701052724
5000666061
7701473135
0986494978
0986460970
0252453618
0252463217
0252416215
410608638R
0350601151
440608235R
410600032R
410605055R
0986424217
0986494031
2912100703
0986494381
7701473543
7701473571
110560195R
110567448R
7701058031
7701478860
7701471779
7700600552
7701473353
8200519994
8200145259
8200408642
7700111490
8200005878
8200325181
110421067R
7701467571
110425271R
110412587R
7701473181
7700600202
7701468962
7700864624
7701475071
8200005876
7701476742
8200157259
9431207021
110413019R
2909361293
110426296R
7701472947
8200460196
7700600200
8200308854
7701476170
110418343R
110428257R
110422959R
110415795R
7701477400
9631076610
7701474016
7701468219
2406002223
8200521007
7701472948
7701472122
7701469262
110427464R
7700600196
1704030210
7700746230
7701474073
9631076310
0502040821
9634884680
7711135124
7701053771
7701474015
7701473182
8200506221
7946000281
7701473711
7946000282
9684504780
7701053772
9626476720
2808942945
8200042722
8200307580
8200797330
7700864302
8200539196
110426145R
7700599668
1609002126
9664487210
9671708880
7700867167
7946000261
1702040946
7700864662
6460160501
9634559710
7700864462
132653841R
8200323338
7700600530
8200714033
8200120140
8200239705
8200149903
7700110219
8200272214
8200063371
8200638033
8200045745
8200136128
8200466560
8201005089
3911171919
8200576778
8200808824
8200541584
7701057896
8200260767
8200736279
5010477503
8200629199
132654861R
7700114939
7700100785
140039944R
8200677518
8200508952
8200633974
132656341R
9628257080
8200117386
7700106915
7700869566
7700110698
8200627939
8200482514
132647109R
8200379908
8200277372