8200178518
8200193970
8200756123
8200252227
8200805844
8200541583
9646698680
132648636R
9651815680
118306606R
118303696R
5001869716
7701059314
7701040741
7701476555
7420804638
7421123014
7701070607
7701040740
7700106172
8200052312
8200516496
7701471932
7701473007
140361015R
5010477090
5010477091
5000694388
7701057927
8200496321
7701471886
7701473003
440605713R
0986494033
440606267R
0252309918
440661332R
0986494821
0350598993
7701206763
0252453518
5001844747
7701209100
0986424616
4154210410
410602933R
2514700703
0986424533
2511200703
0252252517
0986494441
5010260893
5010525219
7701471705
7420813843
9730110040
5010260939
5010280705
8200907234
7701471704
132028778R
7701476256
7701471203
7701463196
7701473354
7701476025
146503760R
8200772182
0261210151
7700742958
7701477748
0986280402
0281002175
8200668500
0281002332
8200647388
7700101971
8200647556
1110011785
8200513668
8200468645
7700100650
7700742634
7700747549
8200885209
0986280411
5000288407
8200439315
7700109055
6079050300
0986280410
7700113552
8200443891
8200688405
0986280407
319359125R
8200012097
6001548175
8200436025
8200643171
8200676078
7700739791
0648482030
8200275614
8200746497
8200434068
8200746592
8200244869
8200428137
0648480190
8200647366
7700863523
7700855719
7701474895
7700108073
7700101970
7700728637
8200128449
7700306256
7700103069
0648482120
237312832R
0648482530
9632889780
8200468647
8200688406
7700728639
8201040861
237313661R
8200647559
7700100008
9200995209
7700739794
7700103119
0648480840
0648482420
8200468646
7700100566
7700739793
0648481280
5010412449
0648482800
319354551R
122975635R
7701476858
7700859266
122793304R
7700105376
8200563690
101013580R
7700859692
7700103945
7701473544
7701065057
5001860727
0350598726
410601334R
0252196514
0252146318
0350301545
1263701810
0986494857
6025171456
0986494090
0252387114
6000009999
410607125R
2348200702
4154210310
7701206379
410601241R
410600756R
410600379R
440839581R
1304604957
440608746R
440608281R
440600819R
0986424386
0252324818
0252398017
7701050002
0986424636
1304607298
1304602840
1304602895
121508910R
121507812R
122072718R
122073826R
121502733R
121500410R
122076122R
7701349573
7701477830
122077468R
7711130061
7701475987
7701478636
7701479331