7701478839
121503287R
121504680R
7701473147
7701471262
8200839982
7700108715
121003081R
121502698R
7711130052
7701473556
122070798R
5000296786
8713750030
8713750710
7701476250
7700110718
121004942R
7701478827
7701477831
8710150700
7701475074
8200513042
7701476735
5010359561
120330226R
120335489R
8000506100
8000440100
8000068100
8000748100
8001104100
306100530R
120338667R
349352849R
8000716100
8001103100
8001089100
8001160100
8200590576
8200385152
8200385222
7701478679
8200805625
322021329R
8200382457
075144121R
7700100776
8200785985
101013460R
8200037836
0445110230
7421671175
8200924262
8200604025
8200707066
7701479111
8200291355
8200581292
8200673395
118300724R
8200140763
8200464373
8200280347
118302761R
7700110122
8200728629
118305765R
8200279414
9936810605
8200082486
8200184165
8200040575
8200836881
8200403043
118305170R
118378366R
8200852042
8200608360
118304798R
8200761805
8200469325
118305906R
7701478826
121001039R
7701478846
290106596R
8200856111
8200358662
400012631R
9632055310
8200929533
8200018919
8200666173
132012274R
8201627433
7701479018
7701473503
8200066133
0986494439
410605536R
0252469318
0986494612
0986494401
410605951R
0252206518
0252471018
0986424284
410607115R
440607115R
1304605716
3639160604
1304603988
8200833923
7700108299
8200702781
7700111746
7700100375
7700104412
8200728381
8200238932
8200384326
7700273456
8200805603
8200221013
6001548035
8201719715
8200185680
7700869996
7700273466
111110249R
8200728389
7700273936
7700273458
111116149R
8200125691
8200273261
8200795110
8200188389
8200963715
8200451325
7130104412
8200742428
8200795039
8200105022
8200805601
7700111849
8200318813
7700870224
8200066130
8200033928
8200379654
8200311346
7700102843
8200760467
8220188389
8200600642
8200462131
7700100476
8200569605
7700856813
8200672739
3309708032
7701065067
8200644605
8200728384
8200477252
111112393R
8200088070
110172951R
7700111745
110172100R
8200318313
8200728386
7700866465
7700864956
8200973856
8200209640
8200188748
110172481R
7711120025
5600632584
8200381856
7701648829
7700741331
7700734084
8200953476
7700872643
7700273959
6001549008
7700873090
8200270722
110171000R
110170187R
111115870R
5001869339
8200805682
111234933R
110171658R
110178022R