476609378R
176603625R
8200955226
7701205288
476607353R
476605200R
0265956149
460115826R
2441231715
476602738R
0265951756
0273004331
476601356R
476602846R
0265242095
476603924R
7700424520
0265256215
0204701702
0204123761
7701208713
476605919R
472102348R
7701206792
7701207697
2421231760
7701208398
7701208838
5001847577
7701205737
7701027057
5000391976
7701206313
0265255794
0265232169
7701205405
7701208583
7701209583
7700723303
7700799540
2421251704
3212041663
3212328633
7701206660
7701207170
6025371613
7701206922
6025370495
3212314863
7701209642
3212045813
7701208266
7701208493
7701205742
6001549120
7701067864
7701205286
6025370497
3212317413
6025370500
3212315463
7701206231
3212215413
9567205380
7701204112
7701205295
7701067863
7701207979
7701206659
0265956531
0265951128
0265255792
476608658R
0265234804
476608544R
476600047R
8200052422
8200159863
8200701498
0265232358
0265234465
476609329R
0265956367
476607870R
476600433R
0265956527
476602784R
0265580073
476604029R
8200100229
0265258815
2856125841
8201154658
0265234802
0265950498
476606264R
8200345939
1009601444
476601563R
476607745R
460110032R
8200262385
472106664R
1009601422
8200756306
476609903R
0204123759
7701050908
7701050909
2421231759
476601115R
476604709R
476602330R
8200001575
5010344163
476604765R
476603785R
476607421R
0265805027
0265956535
8200483452
476608102R
472103058R
0265240036
0265232167
476606749R
472109003R
2856105640
8200090690
476603498R
6001547858
476601348R
0204123634
0204123763
4784070520
7701206914
3412500143
7700870473
6001548946
3212328613
476607341R
0265209002
460115145R
0265956052
476600001R
7700726005
0265234754
8200890129
7701207496
7701209764
7701208402
460110001R
460119372R
7701067862
6001551029
476602374R
478405541R
8200047558
0265950338
8200021822
3212631213
2851524233
3212326213
476604460R
476609360R
476604968R
146507293R
8200808145
8200426953
2856109901
476601523R
8200951792
8201239662
4614945322
0265256741
0265251365
0265254761
476601675R
0265294126
0265230388
476607579R
476603871R
7701050905
0265242637
476604406R
476602879R
0265259244
0265260302
8200311379
476600002R
8200345940
8200001333
0265950851
476606094R
476609441R
476603596R
476602370R
0265293510
0265293508
476606311R