147105308R
8200282949
8200987088
147101478R
8200630740
8200222772
8980306440
8200229190
8200130609
8200656008
8200194323
8200327004
8200327011
7700103493
8200360201
8200270177
8201411538
147100385R
8200609274
8200056350
8200270451
8201353607
147105543R
7700100606
5718221120
5718221121
8200374875
8200550361
8200217887
147109816R
8201143495
8200270539
8201411588
7700107471
8200282879
7701058850
8200469586
8200796571
8200987453
7029042578
8200282849
8201027384
8200846454
8201068965
8200129863
147102408R
8973550420
147104647R
8200850755
147103371R
8200507299
8200796674
8200804050
8201061904
8200294794
8200164563
8200235232
8200247250
9671187780
8200691292
147100361R
147102557R
8200542998
8200939136
8200693739
7700107474
147106293R
147109074R
147109913R
147171653R
8200395034
8200550348
8200762517
8200836385
8200129868
8973586130
8200253725
8200293950
147109869R
4319900300
8200889758
147100985R
7700108141
7700102850
7700105136
4319900700
8200157971
147105039R
7700100230
7700107797
8200542997
5056390200
8200360566
7003681403
7700869607
147229559R
6001545462
8200577965
7086896176
8200729078
7100477428
8200169634
8200729079
8973667830
147106672R
8200407431
8200129663
8971102632
8200287088
7348770138
223653584R
0281002681
8200231630
8200488774
8200340616
8200365186
8200171191
8200391624
8200545260
147355713R
0928400487
226404770R
147352070R
147100789R
147105398R
9681825280
8200514985
147357324R
147350678R
8200128863
7228181702
8200330810
8200217519
8200354784
147356133R
8200463548
140032531R
140033370R
8200088888
7003680600
8200167563
8200276591
147170061R
147357086R
8972292313
147359823R
147103921R
4319900500
8200418428
7701058063
147105300R
147351186R
147109948R
147171945R
7701065038
7701063353
7701209370
8200467030
8200004883
8200411031
147102974R
147107644R
7485133220
8201684044
147355238R
8200307144
147357337R
147355224R
147105982R
8200912059
8200910446
7421049781
147253272R
8201016581
8200988750
4082650010
7701070964
8200748633
7701209368
7701207950
147350782R
147353981R
140553440R
8200968414
8200032246
147356011R
8200611709
7701069668
8200620695
8200873678
7701058851
147355435R
8200914967
8200426934
147350578R
147357493R
147350264R
147350718R
147354591R
8200467059