8200223028
8200505409
147350364R
147358238R
147358109R
5010450717
147358604R
147357082R
8200057232
8200081103
175103180R
8200267987
8973530272
7003681404
8200988414
7701207947
208152425R
8200444887
147259539R
8200525140
7701064923
8200269649
147130257R
8200854280
0281002958
8200679235
0281006108
190620007R
180120077R
0986494867
410605649R
0986494278
7701207615
6025371279
0986424080
7701208416
410609192R
1304604966
7700109812
226805389R
7700314057
8200280056
8201038625
8200651315
7700314669
8200299956
8200235277
8200203767
8201267959
8200280060
226807131R
8200280065
7700105010
7703507697
2137197920
2137197930
2137197370
0281002461
8200655623
165765213R
2137197080
8972410832
2137197710
8200028006
2137196950
8200682558
0280218079
8200358901
8200914647
226802715R
3523161709
8200021852
1371224759
4093900500
8200327690
7700104426
8200357204
8200702183
8200534179
226805062R
7700100572
2137197590
4393900300
2137196450
2137198130
8200592969
8200035487
2268075000
0280217107
8200702517
0280218146
8200243886
8200287157
0281006604
7403507697
8201412031
8200454482
8200004997
8200300002
8200686267
2137197490
0281006188
6070940048
0280218089
0281006241
8200373771
0928400671
0928400682
237108768R
2910000438
0280218109
8200719629
0281006118
0281002437
0281002680
0281002996
0281002844
223651975R
7700106886
223656551R
6148990020
0261230560
223658143R
9618261580
9639418980
6148990017
223653148R
8200375977
223653394R
7700101762
7700105867
0281002552
0281002740
8200105165
2158100065
0261230443
8200811025
223655883R
7701062395
9631813680
223658570R
7701069830
8200685363
7700419117
8200292433
0281002566
0281006391
223657652R
0281002997
8200843680
5010412448
8200146271
0281002616
8200233831
0281002316
166393977R
8200372219
0986424671
0252470917
0986494730
440601689R
440604876R
440607091R
410608885R
6025371662
1304603814
278609070R
8200468425
144606243R
8200629062
8200511108
8200404632
7700866473
5010141616
5010354478
8200801589
8201268094
5010228280
5010141585
7700114072
165556458R
8200750731
144838486R
165552590R
165787233R
7700867369
8200537992
960159288R
7700107865
8200029480
8200343882
144604298R
8200658370
924104538R
8200602361
8200008515
7700110088
165553919R
8200875380
7700115201