185763328R
8200195574
214757782R
1085605501
8200923128
8200453032
144632831R
8201003136
144605524R
1446000003
5010626066
8200469423
165765493R
144603933R
165559798R
8200305467
8200177586
8200560052
8200185087
7420824771
5010467640
8200873101
8200887497
8200030864
8200080048
8200033302
7700312297
8200162814
8200289320
8200373766
165764902R
8200186822
8200283043
165757189R
144606189R
7701062413
922304507R
165754483R
8200867663
7700351946
8200028632
165469229R
217415934R
165780924R
8200013730
8200166104
8200071947
8200143788
8200961423
8200039843
8201529827
5010491106
8200552604
165786383R
6001548496
144605567R
8200923124
8200533986
7700107894
7700871883
7701055399
7700862392
8200490917
8200021862
8200658947
8200645982
8200714810
7700865695
1446031452
8200305400
7700830115
165755972R
8200612287
5010317993
8200373769
8200522977
165756120R
165554991R
290935816R
8200082448
1657618441
8200019443
8200213899
5010448695
144602433R
8200645923
8200376499
8220770001
165558300R
165765844R
165555514R
8201402881
7700113041
8200429280
8200490914
8200794203
144601615R
8200201614
5010580136
2114460250
165750995R
7420742833
8200967006
687781491R
5010626454
8200806067
165551527R
165769532R
215014542R
628209280R
8200797157
144606878R
8200340462
924000413R
5010626225
8200748881
8200107551
244936098R
144604808R
8200795490
165755959R
165752889R
8200859600
8200607746
8200865653
7700870062
8200570238
5010467897
8200232813
144630001R
8200703899
1065337603
8200731430
1134779801
8200365193
8200470986
8200020550
7700116065
144605995R
8200381079
5010570037
5010599548
8200123061
8200843370
8200568771
8200578645
8200471660
8200063652
4082398220
8200568712
8200503217
8200190230
8200096038
8020115567
8200619046
8200285017
4082398210
8200166869
8200051274
8200059268
8200061066
145138377R
7701474709
8200284968
8200198149
7700273699
8200171134
8200582237
8200614985
7701062300
161192787R
8200908869
8200736114
7700108120
9640796280
8200620254
8200139460
7701051585
7701049736
8200682611
7701047908
7701044400
8020008133
7701042783
8020011225
8200754913
0438201169
8200166870
8200198148
0350700430
161203209R
8200302798
8200162187
8200570865
7700872146
0280750654
8200065648
0280750030
8200067219
7700105042