8200545839
8200788196
8200771957
165000356R
960155230R
165001258R
8200787623
4609085915
8200008024
149504493R
7700104844
165003255R
8200760899
8200201353
8200141448
165007664R
149509105R
8200467321
8200947663
8200820922
8200545280
5010626185
7700300662
144608245R
7700742231
7700300433
8201421455
7700864802
8200420871
8200490866
8200378884
165006427R
8671017054
8200578039
5010317945
149509035R
5010311582
8200089030
5010626014
8200883761
7700274106
8200453860
8200309636
8200725185
7700867960
8201173592
8200751534
165001509R
8200369755
165009093R
8200545836
8200166612
8200947662
165008308R
8200725183
7140482120
8200824914
149502109R
5010626065
5010317773
237060001R
1655007121
8200581277
8200472602
8200250959
4460588590
4611585903
5010230841
5010582013
8200980597
5010582016
8200521692
8200366796
8200793100
165783816R
8201242810
5010626192
5010673194
5000449722
8200684323
8200313308
8200034270
8200145096
140039990R
140030105R
8200125648
8984654329
8200720527
8200123925
8200614545
144032844R
140409107R
8200035819
140014374R
8201192544
140032069R
8200275381
5010450336
140034598R
8200780072
140032042R
8200273717
140039911R
8000765060
7700873537
7700111282
100019417R
9623551680
8200084515
5108201351
8201053596
7700274286
140036159R
8200647713
7700865398
8200633248
110301003R
8200964639
8200973746
1400084490
6001543513
8200915216
8200638248
8200762352
8200102358
7700105829
7701065361
140036645R
8200850378
7700823738
8200964035
8200275053
8200020647
8200144194
100017526R
7700142691
140080983R
8200006250
8200061980
8200064370
8973858233
8200145097
7700871088
7700875337
8200880099
7700114664
140030286R
8200915218
8200145006
5010437575
8200536146
118301718R
140031243R
140034490R
7700870201
403001175R
113301003R
8200512434
8201234479
8200647804
0802410121
8200708569
7700102539
7701206370
7700859134
0132008600
0280140516
8200033540
7701042784
8200692605
7702217296
7701047909
7700744614
2300160792
6140360012
7700100946
0132008602
1216000100
0280140545
7701044401
7701042403
8200211431
0269060496
146502570R
8200796080
8200797164
8200072985
8200881701
8200478188
0163451323
8200683981
8200271911
146508066R
8200046843
8201005306
8200175167
8200807472
8200175187
8200781547
8200113585