8973079820
8200520476
8200934880
8201058554
8200577807
8200057346
0445010033
8200640105
146502018R
0445010087
0445010148
7700111559
8200327252
8200399509
8200881338
8200683982
146500021R
0281002510
8200015998
8200248821
8200414156
4140010010
208853765R
8201053374
8200762462
8200702986
8200806676
288853765R
0280142118
4720174800
149566740R
223650901R
474011350R
130802512R
226404435R
8720024882
8200660852
149329902R
175619502R
562101910R
7700410398
8200097418
3518770700
3571180700
3571200700
3562090700
3574110700
7700816045
7700808490
4153260000
4153260100
7700413096
7700308589
7700308590
7700824119
7700426693
7700729342
562100664R
3570910700
562109362R
8200283393
8200108182
562100476R
562109815R
562107338R
3533520700
8200737471
8200330197
3565010700
8200222456
6001547072
3518480700
6025308758
562106844R
562107519R
8200193017
8200587187
562102972R
562102878R
3561440700
3561560700
7700808492
7700828681
7700789511
8200287736
8200029306
7700273478
7700846661
7700840636
7700429977
7700310737
8200216799
8200647880
7700827626
3561270800
562100036R
3561960800
8200256337
8200934064
562106029R
562108344R
8200556695
8200868514
8200800724
8200675680
8200382033
8200953294
562103341R
5010630702
562101385R
5010630728
7420854448
562105955R
0986424011
0252261019
410604076R
440602154R
0986494499
7701054772
440600002R
410602192R
0252208718
410607613R
0986494817
1304702740
410607369R
1304603800
410607716R
410604386R
7701207339
1304607266
1304602870
1304607251
1304603806
1304602832
1304603815
562102469R
8200675679
7700830491
7700830492
3561080700
8200742812
3562080700
562100172R
562102854R
562107788R
6001549248
8200417472
6000056757
7700532643
7700661562
7700729343
7700427536
7700824780
7700411047
7700802607
7700422518
7700830493
7700410586
562106255R
7700314021
8200311204
562100001R
562108573R
7700412915
8200108183
8200122218
8200033595
8200675683
8200283391
7700428438
6001547071
2200222457
8200106122
562100035R
7700428602
3352675722
8200287404
8200038258
3514440700
8200715106
7700314746
8200309846
8200038260
7700430760
543021082R
7700311596
8022452699
7700840264
543024308R
8200715148
6267250017
3317003101
7700829429
7700802609
7700415822
8200117296
7700823130
543022707R
8200584312