8200335195
8200311206
6025006536
6025102428
6025106816
4854087102
8200675732
8149030058
5010294929
7420848708
4533260500
1315003126
6000073545
8200342846
4153200113
4153200013
7701479290
7700430911
5000393420
5000396641
7700735692
7700718332
8200041472
7700426727
543021861R
543029586R
7700816046
7700311597
4153260300
4153200313
5000452402
543020002R
543025005R
5000396640
5000397451
5000397385
8200367540
8200411124
8200312215
8200421321
543027493R
543023135R
543027894R
562105575R
5010391804
3017003132
543022653R
5010600254
7482052752
5010294158
5010383686
5010239667
5010380547
7700711192
7700426728
8200657081
543021356R
4717000091
8200175099
8200362638
543020003R
843020002R
8200523048
8200038257
8200329944
8200519162
7700437273
8200190862
7701477962
7700815917
7700815916
7700426729
8200256336
8200519161
8200374544
8200397096
543022221R
7700690168
7700719592
543022471R
8200611465
8200374546
8200374547
8200397097
5010294412
5010383049
8200367538
8200367539
8200041462
8200324239
8200459902
8200472411
5010052920
5000752729
7420871963
5010130401
5010383692
562100008R
5010383380
5010383496
7700819547
7700815918
5000397386
5000397397
7700816047
5010228908
562105977R
562105958R
543021923R
543038868R
562107157R
562109801R
1417000025
7420867988
8200737474
543036918R
8200676024
8200278971
7700734436
5010647062
8200387237
8200387238
8200387239
8200620383
7700734441
7700734437
7700734442
5010383697
5010294414
8200735212
8200737473
7700839382
5010151151
5010013183
5010151020
4533230000
543038400R
543027626R
543027852R
543021505R
543023928R
543029360R
543023333R
543023582R
543020558R
7700830490
8200421309
8200206967
8200329948
7700411890
5010190151
5010630602
0252234719
8201612614
8200735281
7701209672
0252514718
410605961R
0252517218
410606124R
410606808R
8201610642
8200735274
6000620052
2208700703
8671016654
7701207673
440604591R
7701206380
1304702709
1304607222
1304604858
1304602741
0986494498
1304607158
1304602600
1304607157
1304607221
1304607159
410601408R
7700425228
8200298455
7700425227
7700820028
8200243089
8200243086
8200942407
8200255761
8200389135
7700820029
7700436302
8000273728
7700418376
8200048904
8200298454
8200216376
7700301727
7700301726
8200763294
8200216377