476605076R
476605215R
476601967R
476606075R
476606800R
476600050R
476600451R
476607349R
0265238101
0265951847
476601867R
476608150R
8200381648
0265951117
5001849656
4784070530
2265106513
478500002R
0265238087
0265219510
5010457624
479102845R
8200735315
479107405R
8200084126
8200583498
8200675274
7700411745
479006271R
8200254681
479006554R
8200254687
6040004542
8200483837
2407115199
7700429113
7700832768
2405400517
8200043135
8200446282
2407115190
7700834762
2407211176
7700411746
7700411747
7700415681
7700313681
7700834761
2407211175
7700415682
6040004543
8200539280
2407115203
7700832776
2407211171
8200252007
8200274800
8200037443
8200274801
479109860R
8200441401
2407116161
7700415683
479500005R
479508802R
479104225R
7700416066
8200724127
0265006386
7700301315
8200084125
8200735314
8200752604
7420812311
479108892R
0265007532
0265009614
8200485061
8200346992
8200404460
0265006383
479000931R
8200043136
8200296571
8200307447
2407115177
479103473R
8200184209
479101292R
8200195825
6040004808
8200212693
6025303224
8200539276
2407115201
7700432800
2407115027
7700416065
2407115012
479009927R
8200195830
2407115180
8200195832
6040005494
8200675748
6040004809
8200212696
8200254688
2407115197
7700832777
2407211172
8200296570
8200441404
479502046R
8200186294
2407115094
8200675755
2407115002
479001745R
6040004527
479004190R
8200084128
2407115097
8200416683
2407115181
6040004524
479101995R
0265007534
979101995R
479700004R
4410328080
7700416063
8200212698
8200735319
479102979R
479004618R
8200441403
0265007582
0986494856
0986494384
0252355717
0986494735
0986494816
0986494697
0986494528
440603905R
0986494600
0252596515
0252573817
0252138818
440602466R
8200313590
410600012R
0252330218
1304603926
0986494621
7701209164
7700830227
2407311179
6025304654
2407131109
2407131179
6025304655
479000026R
0986478864
479111303R
0265006711
7700832778
2407211943
2407115095
7700832772
2407211169
7700832769
2407511101
2407115001
7700416064
2407115011
6040005449
479000735R
8200195828
6040005450
7700302428
2407116004
7700823325
7700846639
6000618006
479507427R
8200441622
4410320680
4410327830
479500003R
2407115196
479110965R
7700425825
2407131106
7700425824
2407131105
7700432671
2407411126
7700432672