545054733R
545041876R
8200256945
8200876659
545013557R
8200688871
8200739484
545011952R
545050794R
8200688875
265900018R
8200270055
6025307649
8200270058
7700302118
545004787R
545047654R
8200257957
545041811R
545042511R
545056028R
545006685R
8200750274
8200750273
545051645R
7700437137
7700437138
7700302119
8200602621
545016412R
545019956R
545010011R
545000010R
8200725845
545056560R
545006069R
1612448380
7701465735
7703090353
7701206327
7700719140
7700415121
7701206328
7700429596
8200115697
7701469682
6001547686
7701205812
6001547696
402109697R
7701205170
7701463523
402020016R
402107049R
7701207676
7701205596
7701463987
402101877R
7701206661
4341300910
7701205780
7701466803
7701463986
7701462020
7701465647
7401075114
8200896152
8200896153
7701205778
7700803929
7701206848
440010110R
7701205972
7700841979
432108237R
7700768319
440015409R
7701204868
7701205477
2146500012
8200153076
432102069R
8200046551
8200308650
7701205499
7701208058
7701205417
6001550915
7701205416
7700768318
7700768329
432100286R
8200163689
7703090253
7701461046
440003960R
7701463231
7701206742
7701462021
7701205779
7701208059
8200326719
7701210004
6025370612
7700820849
9004366014
4351400600
4351400100
6001548986
7700802229
7700830220
7701210111
402102084R
402100005R
6001547685
7903090002
432102103R
8200046549
8200308649
7701207677
7701206740
7701467860
7701208075
4341301510
6001543344
8660001871
8200489610
6001550814
8200003026
8200267645
7701205472
7700704704
7703090222
7701204693
7701204689
402102977R
402107314R
7701208230
7701207823
7701204690
8200600646
9004360014
8200208332
7703090313
7701468409
7701465646
7701470552
7700715149
7701209504
8193420035
5000388284
8200298116
7700787641
7701205692
402102481R
402109533R
6025170050
7701464049
8200770160
0147500002
7701206771
8200208335
6013501510
6013500068
1689810327
7703090365
7700674765
432105162R
7701463940
7703090268
8200298117
7701207767
8671016711
0252906522
0986494239
440603558R
6025372662
410603303R
6000620046
1304607250
1304602757
1304602756
1304707298
1304607248
432100366R
8200639543
7703090549
8200688970
7701460642
6025371670
7701204867
6025371536
7701208950
7703090203
7703090269
7701460640
7703090434
5010439054
6147500012
4051400200