4153340600
6319810005
7701415121
402027463R
430009707R
8200893832
402105733R
8200041082
7701206849
1606374680
402022933R
8660001998
7701204694
308513781R
7701462469
7701207966
7703090450
8200807882
7701204866
432103106R
6324990079
3199810005
7700416374
4153340700
7701206353
7701204667
432109818R
432104899R
7701463840
430431823R
1409810305
402108022R
7701204665
402100006R
7701208427
432104177R
7701206847
7701208429
402102771R
7700830794
7701209838
5401763936
430426131R
7701461730
9036340020
7703090458
432067636R
8200416590
7701206354
402020009R
7700803931
7700803924
432100605R
432100013R
402026199R
402103708R
7485139043
7701205471
7700803923
397743841R
432107045R
402105019R
2023300051
4051400100
7704002263
6025370536
432100003R
402105662R
1614652010
402104687R
8200386063
402104630R
402020010R
7700820850
402107435R
8201108206
322028598R
6025171136
402020002R
7700803928
7701204696
6025301647
7701208966
7700845104
5000785909
7701460641
402027369R
7485139044
7700314961
5010566154
5010439770
7700780919
5010308616
5000685076
8200106137
8200140544
7700417225
7700417228
7700410852
8200127288
7700311491
7700311492
6001547493
8200193020
7700436182
7700434175
8200276539
7700416117
8200071762
1142200900
8200844169
8200361735
8200357085
6025308628
8200271943
7700311494
8200127287
7700844978
7700389337
8200275459
8200297954
7700417230
7700800993
8200076369
7700434156
8200304229
8200361734
8200304218
8200245681
8200666438
8200844164
7701206747
410603407R
410603847R
1304604856
1304602743
7700416118
7700418901
7700417226
8200271942
550200062R
7700412403
8200304225
4342207100
540100027R
550200026R
7700434165
7700416162
8200341248
550200003R
7700771255
6025308615
7700822976
6001547971
8200346349
8200193022
8200140543
540108309R
8200193024
7700421609
8200279733
7700782275
7700432230
7700432232
8200271941
8200075721
8200041580
7700311490
540100006R
540100062R
550200002R
8200040088
8200040087
540100072R
550200008R
550200058R
540100061R
540100030R
8200309931
540100005R
540090001R
550200041R
550200061R
540100002R
8200708056
7700805924
6001549185
6001550900
8200304222
6001547496
8200708061
8200341247
8200140545
7700641118
540103892R
540109251R
540100727R
540108071R
6001025756
550207735R