2407411125
2407115152
479503471R
2407115194
2407115251
7421754792
0261210907
7420786441
8200440544
5010016564
4410359292
5010143029
1009461401
476607984R
1009601425
0486106080
1009601433
476605863R
0273004662
8200178134
0265150328
5010485057
5010422381
8200446600
7700792425
476608587R
0265219540
0273004985
0265225111
6025403596
476005718R
8200446599
0486104102
0486104106
4460043140
7700432648
0265216651
6025310169
0273004234
476608845R
0265231302
7700423070
7700430231
0265800317
7700844250
0273004142
0265225794
5010493009
7700845371
4460550250
7700436468
0265208045
5010457109
476600775R
0486104049
0486104045
476600006R
1009701409
476608809R
476605416R
476606296R
8200139329
476606947R
0265290323
8201132609
8200188495
0265801179
0265800656
5010457367
0265801165
0265244951
0265201010
476603922R
476605201R
0486106078
1009151470
0486106116
476603736R
475603124R
7700432644
0130108084
476608348R
476602856R
476607394R
8200051292
0265216555
176605492R
0486106004
0486106085
0486106126
0265293657
476607980R
1004470737
7421720099
7700824335
2856125803
0486194192
0265230154
0265208031
476001203R
476607477R
0265254592
8201128486
476600078R
248100621R
8200527392
8200343525
0265232384
1004570806
1005017844
1002340156
8200806980
476608804R
476605810R
9806274280
0486106026
0486106115
2857006306
476601746R
0265234618
8200750699
0265234642
2265110651
7700432641
0265231579
0265800441
8200262807
0265231488
0265242364
476602003R
9674677580
0265951433
0265232718
476604621R
0265238004
9812847780
0265252425
8201288015
0265220708
0265956309
9804162080
0265232386
0265261127
0265805179
0265260967
8200044501
8200301391
8200404858
8200004644
8200819024
479305035R
479300584R
0486020001
1009800059
1009800100
8200074266
479300006R
8200469905
7701475609
112849985R
112103095R
4766014118
8200704561
8200727569
7700410792
8200700132
8200087982
364060001R
364000005R
1987482636
1987482637
1987482411
166711244R
1987482334
1987477786
1987477937
7700424928
2437271049
8200035047
6001547169
8200042065
8200694022
8200247041
2437271070
8200298383
8200673254
8200269350
365302756R
8200228347
7700841026
2437271040
365311282R
8200247042
8200269348
8200627462
364007808R
7700426005
365304960R
364006372R
8200662794