365317404R
7700417050
7700432012
6025370468
7700432383
8200263821
364001202R
1987482639
6025371283
6025371397
6025370467
8200253905
8200002236
169194462R
1987482638
7700423684
8200021940
169190397R
6025370827
365312075R
1987482386
1987477261
8200229445
365300709R
8200243673
8200247043
8200526870
8200694016
8200673259
8200029461
7700311699
1987482325
364000004R
365300004R
6025371373
365308900R
7700823689
1987482547
1987482302
1987477616
8200577939
6025313181
6025370922
8200855403
7700307718
7700722556
364002234R
8200820595
8200042064
8200215962
6001547168
8200214750
8200673249
6000073540
6000073539
8200087981
6025105918
6025105919
1987477938
8200673258
6001549112
2437271074
8200228260
6000073733
6025002627
6025171471
7700834651
7700424470
6000073734
8200270182
364000001R
7700308952
8200694124
8952001153
7700427498
364004671R
364024124R
8200577938
8200428320
364003676R
8200428323
8200214752
7700424929
7700824636
7700421024
7700812525
2437271034
8200673248
8200087979
7700426006
7700311216
364006889R
8200440514
7700781394
7700817136
8200745723
365300008R
8200935175
2437271082
2437271000
2437271080
8200700461
2437271065
2437271081
2437271064
7701478158
169193708R
1987482552
1987482548
1987482303
2437271090
1987482253
8200353610
360101216R
7701477064
8200418648
6025315867
0986494656
0986494452
440601416R
0986494725
0986424451
0986466346
2309900703
0986494288
440603734R
1263607510
410601596R
2912110703
0252366916
0986424785
8200292295
360105917R
360109753R
1987482676
8200316574
8200316575
8200418646
8200702095
8200704567
8200353723
8200418647
8200254519
8200522628
8200734628
8200571486
8201070418
8200702092
8200418629
8200522625
8200450860
360104424R
8200343471
363210001R
8200270265
8200302853
8200611957
8200321029
8200610146
8200368603
8200273004
7420813850
8200273005
9617232080
360109431R
5010422400
360106834R
8200540724
8200273003
8200688676
8200048592
8200511957
360105245R
360106743R
5010422403
360105651R
8200734627
360101516R
8200450852
0481016204
8200396850
8200571485
360106795R
7420813845
360107552R
360106791R
8200674691
8200674686
8200621862
8200674688
8200621863
8200621860
8200673555
8200214946
463150017R
463160004R
7700302379
7700302380
8200621858
8200058949