8200660045
8200251006
8200654785
8200660020
0986041411
231006007R
8200206251
7711134722
8200207287
8200103744
7700430182
0124425034
8200519296
8200410671
8200153710
8200537415
0124325139
231005424R
8200373636
0124425070
8200393718
231008918R
0124525047
0986040161
8200495294
0124525137
7711134313
0986042211
8200846074
8200757870
8200086161
231006677R
8200022774
9806007480
6025105563
231001318R
7711134329
8200030635
9443909015
7700857073
0124415013
8200120286
8200772726
8200060488
8200692869
231007033R
7711497266
8200429898
231007842R
7700434900
8200474219
7711134754
0124525151
8200386806
7700431945
231008578R
8200325823
231005079R
0986049810
0124425029
0124320002
231009412R
8200660041
8200034588
231002949R
8973614210
8200667611
7700417308
7700421477
7700811462
8200390675
7700866507
0124325186
8200525891
9632489280
8200113636
8200660044
0124525140
7700432331
0124325031
7700857075
231009933R
231003784R
0986034990
7701352354
8200025488
231007707R
7730424594
0124425038
0120468154
7700424583
0124525082
8200390667
0124515117
0986042770
7700820794
231008246R
7711368381
7700857377
7700585707
0124425069
8200660043
8200390676
0120468140
0986043091
7700429310
7700871496
7700106501
7700424582
0124415007
7700416958
110603330R
7700110616
8973089961
8200495305
0124525028
5001847422
5010480765
8200667608
8200700907
0281011276
0986041850
7700869600
8200323137
7711497156
8200810621
6401500160
6681550215
7701477508
9433569810
7700424584
231000091R
8200064685
7700424594
7700827344
0124425074
8200726639
2301651202
0124225056
0124525133
7700433069
7711368834
8200410674
7700433306
8200960533
8200495304
231003624R
8200468131
7700436671
231000024R
8200385098
8200660052
8200373986
8200100272
231001107R
0123310017
7700847513
8200175210
231002854R
8200523616
7711368719
8200728292
7711497268
7700429042
9634475880
8200538407
7701499253
0124225018
0111545602
0224415007
8200411160
7700862865
7711497138
0124325185
7700424595
231000018R
231000009R
231008040R
8200212028
7711134728
0124225068
9642879680
8200120571
8200849752
8200322137
0124525008
7701352209
8200725683
7700377091
8200667603
0124525035
8200718724
0124525044
7711368534
8200404300
5001849989
231000803R
0124325046
0121542202
231004502R