231004527R
8200424583
0986080270
8200667617
5010306538
0986080140
321000003R
0986038841
1204185012
7700871033
231004864R
8200543541
9618946480
9630080280
231003101R
8200660022
8200262462
7700436627
231003831R
0123315020
7760837073
8200290205
231005300R
231009096R
8200960536
231001822R
231006729R
8200138269
231008137R
8200363528
0986041441
2706042030
231008685R
8200299173
7701499597
7711135333
8200538408
7700852395
7701499443
7700791211
7700499251
7700859724
7711135812
8200404464
0120468162
9433088910
231003000R
0124425018
0124525101
8201717846
7700430181
7711134926
0124415041
0637318270
8200392926
7700870818
7700872258
7711134795
7701352301
0986080800
7700107124
7700424596
7700300407
7700820449
7701352045
7700377092
7700104209
7707784890
7700784891
7701499436
7700104210
7700424573
7700424597
9433211700
7700754835
7701499440
7700754850
7700784979
7701351759
7700805159
7701499596
7711135332
7711368602
0101549002
231008344R
8200356669
7711135519
0445010170
2301491102
2301631102
7700784890
7701351757
231004028R
0124525049
0986037221
0124655008
0124425039
0124525081
0124325102
0124325052
7701499544
8200660057
231004742R
7701352125
0123505014
7711497093
231000788R
231001167R
8200854119
231004470R
5010480572
8200140446
231002513R
231001847R
7420853850
7420842445
0986046280
0124525533
0986080870
6001548553
6001548061
7701477712
7700427932
8200692863
7700424575
7711497091
0637316270
8200667618
8200410669
0633105090
8200228289
0637316620
7711497533
7700431941
7700422143
8200121413
8200327183
8200660029
7701352208
7701035684
7701352207
7700749226
8200429905
8200518409
7701476807
7702150654
7700101274
8200692865
7701475896
8200667607
7711134758
7700803325
7701352047
9642879980
9646477580
7711134280
7711135545
7701499959
7711134267
7700105539
7711368356
8200083460
0124655173
7711134894
8200660053
0124655019
5755801500
5765070901
243503708R
5010589525
5010149022
231002179R
0986045241
0637319590
231004402R
231004436R
0986048611
0986046440
0637319330
0124655087
0124655131
8200205612
5001838198
9443909042
7711134312
7700424585
7701499602
7700245584
231006956R
7711134617
7700431944
7711497096
231001059R
2381521202
0986080410
0986046260
6020017103
0124425110
2303381102
7711497409