7420862899
7700300408
2303401102
7700106500
7711134257
2303371602
5001591202
8200992208
7711135504
8200159642
8200323127
8200737574
231007119R
231000646R
7711368683
8200623231
9645865080
7700430183
7701477001
7711135942
8200561961
7711497186
8200727051
7701476810
6001548052
6001549064
7711497616
8200622004
8200690202
231007619R
7700314321
0350588029
7701477689
6461500260
7701055871
7701207807
6001547291
9401130100
1987945414
8200489514
0350588095
0350588038
7701062985
0350588010
0350588004
6111550015
7711368727
8200584039
6111500360
6111550415
6071500060
231000012R
8972293660
7701066401
8200399801
7701071376
402065345R
7701207898
6001547684
7701206614
0986479708
0986479195
0986478390
7700715166
6155236037
8200468421
5010260609
7701204283
7700780892
7700561367
6025304079
402066300R
7701206613
7701205845
7701204286
6001549211
7701716947
402060003R
0986478124
2401220289
2401210106
5010216548
7701205844
8200066003
1190201202
0272220840
0190005016
0190005017
0190005020
1127320995
2120905000
0350301491
1263601410
0252467318
0350601345
4363600410
2355700704
7701206727
410601531R
2401080114
7700800002
0986479007
0986478590
432000367R
432001539R
8200007122
0986479555
0986479779
8660002095
7701206198
402060540R
7701206924
5001871281
7701206673
8200381148
0986478105
0986478598
5000388057
0986478970
2677509716
0986479164
7701207357
7700800003
8671016878
0986479488
2401080109
0986479611
7701472838
2401220216
2401110151
7701041607
0986221030
7700863020
7700100643
224333529R
8200702693
7701070071
0986221046
8200734204
9220081505
0040100250
7700749450
7700858138
8200568671
8200154108
8200154186
8200035420
7700113357
7700107177
8200405098
8200200861
8200765882
7700875000
8200672564
8200380267
7700274008
7700107269
7700100589
0221504030
0607081490
0607170510
6001543604
0607171000
8200699627
0606900020
8200557831
8200089768
8200110038
0607170730
0607170560
7700873701
7700732263
0607170350
0040100315
0040100336
0986221033
0607170680
7701031135
8200084401
8200051128
8200208611
7701041608
7700863021
7700872449
8200713680
0607170200
0607170700
0607170180
8200575895
224332428R
0040100325
0040100048
7700722070
0221604014
7401275174
7701065086
9663278480
7700850999
7700854306
0986221045