0986221036
0607170370
8200360911
7700858320
7700872693
7700872265
9664401880
7700854307
7700872692
0607170710
0607170550
0040102019
0607170690
0607170490
0040100242
2303590382
0040102161
0040100052
0040102037
0221119027
0607171920
9633001580
0607172010
0607172030
3050063401
5010278308
8200025256
0607170600
1137425971
3391600400
6071719201
7700865923
7700872834
8200141149
7700852094
7700852664
0986821060
7700860482
0607171010
224337085R
0221503407
0221119030
0040100347
6071720101
0607170720
0607171900
0221119021
224336134R
0608100700
7700875701
9619025280
0986221001
6071719001
0221124001
0986221026
0986221025
6001544755
0297008291
0922008150
0040100254
0986221079
0986221031
5148850000
6000592931
0040100354
0986221060
0040100343
0000597057
0221604009
4391600100
0040102056
0040104100
2819060000
5010306653
224332935R
0221601012
0040102088
0986221090
0986479684
0986479610
7701204295
0986479682
7701208849
6155230016
0986479109
5010260603
7700802231
7700314064
0986478734
5010260604
0986479165
0986478273
4363101600
7701207378
7700715081
2401120160
2401240171
2401230119
8200266777
8200227092
1005831394
7700116282
8200665518
8200634602
0001106012
0001106023
233000686R
7700274351
0986022830
7700116260
8200331251
8200143045
8200021396
8200568535
8200237594
0986021051
8200298371
233007970R
1005821794
8200724805
8200628430
8200426577
0001106024
8200049826
0001106017
8200584837
8200628419
233007224R
1005831127
8200444783
233008223R
9432068110
0001110114
1005821068
233001073R
233009813R
1005821983
233006508R
8200460883
8200075362
8200369521
233003248R
7700865719
8200724810
233003407R
1005821888
8200130624
0001108186
7700113207
8652138646
8200584675
9432519210
0001106022
233003329R
8200069377
233004979R
8200628426
8200741476
8200186148
2800741476
233000779R
8200628429
8200584664
8200126298
8200096510
0001108429
8200836473
7711135849
0986022810
8200317008
233005951R
8200458765
0001170629
0986013590
0001170633
8200463004
8200815083
7711134802
233000379R
233000157R
8200106788
8200064465
7711134793
8200466754
8200583014
8200621305
0001136008
8200021369
233009161R
0001116001
7700274303
8200792969
0001108166
7701499651
8200399594
0986018040
233001375R
0986017840
8200395438
8200018818