233006780R
7700377051
233001071R
233005513R
0001112025
8200580001
7700105119
7700274178
8200815079
0001109268
3233006662
8200929534
7700431286
7701352049
7701499477
0001145255
233003131R
0001136003
8200369512
233007689R
0001108143
233002654R
8200634604
0001218153
0986024190
8201268218
8200579570
8200227002
233008362R
233003330R
233005993R
233000696R
0001208517
8678388646
7701351392
233006867R
8200237759
0001108003
0986018360
7700106763
8200225336
0001218167
7700113627
7711134297
7700104674
7711134530
7700260710
7700759861
7700865985
7701499615
7711134260
4709060400
7701351390
7700106426
7700761416
7701352126
7700867631
7700870951
7700864608
7700100647
7700854955
7700862838
0001108080
0001109306
8200718435
0001108107
8200688839
233002889R
233009590R
233008422R
7701499482
5700060920
0001170635
0001218019
9432078410
7700694096
7700572689
7700650287
8200036952
7700858375
7700858114
7701499614
9432120310
7700313447
233001791R
9442801784
7711497026
7701381647
5001014230
7700730756
7700113209
7701499601
7700871057
7711135502
5705511140
0001367009
0001367077
7700103386
7700735712
8200240487
1329201080
7700665613
7701351026
7701499466
8200781939
7701349591
8200182178
233008887R
7700853712
0986016400
0001359016
0001108428
0986019271
0001368306
0001136002
0001223007
0001410046
0001411009
0986023530
233005776R
7420732977
5001866702
7711134330
0986020131
5010306631
233003082R
0986018860
5001853713
0986020141
0001416020
0986025390
5010480432
0986016660
0986024130
0001261041
0986022800
8200466744
7700875450
0637212030
0001107476
8200082782
7701381644
8200466763
7700872450
6001549012
7701352050
0001231009
0001417053
5615041131
0986024660
5001831086
5010217532
0986022990
5010306413
5010508443
5001859572
8200584685
0632168960
5126201703
5126201903
7700315522
7711134603
7431026000
8971502041
5001846324
9401130500
2339304054
9401130505
0342309006
0331402073
2006209495
2006209422
9003336283
2006209532
0986479551
7701201295
0986479554
0986479342
0986479446
0986479679
7701206845
7700780077
7701204293
0986479717
432029176R
6155216030
6155210011
1263203400
7701204297
7700802232
402021651R
2401240158
2401160119
8200244108
0986479743
7700859053
7701034946
3309246230
7701033621
3309243320