7700733982
7700102012
7700736209
1467010554
0340100736
7700742852
1234332347
1467010516
7700726736
7701202683
7700730116
7700743602
7700742853
7433501944
3309243060
0330920353
1234332390
243800002R
416515697R
8200481866
282752028R
8200303616
8200188917
8200498185
8200469333
8200334419
281151536R
281151025R
259903396R
8201077402
8200424423
8200017893
8200075938
807301396R
3501031700
8201010926
8200325136
8200000937
8200722832
807300002R
6205090458
807218884R
8200017903
0130821720
3501031702
807200007R
8200017894
8200325135
8201010925
827209091R
8200052943
8200744935
807209732R
8200424422
7700830597
7700830596
827219072R
827204587R
8200188461
809610007R
807205569R
6205090468
8200000938
7700838592
807213867R
807211245R
8200722834
807206641R
827203827R
807300001R
6205090418
807206746R
6205090438
827012973R
8200157006
807302741R
827217622R
827306548R
8200843592
8200325138
8200325137
6205090258
6205090408
7700842246
8200291154
6205090478
8200305723
7700311821
807205115R
8200843597
7700834345
827008880R
807319718R
5010301993
805020355R
1280014920
8200118857
8200028070
807218568R
827200003R
807310016R
807315510R
807210002R
8200826173
8200826169
7700838591
5133825491
5036200801
807210008R
3501035130
8200051780
8201010921
8200403241
8201264495
8201010927
8201264475
8201010929
8200646839
8200118856
8200291148
8200099044
8201010937
8201010930
8200028072
807300004R
807001363R
8201010932
8201010924
8200291150
7700834394
8200038151
807000002R
807200008R
3501031703
807217052R
8200169095
7700834347
8200733829
8200748377
7700311820
3501037030
7700834346
8200188551
8200188553
8201010931
8200748379
8200335242
8200335243
3501037040
8201264485
8200118777
8200099043
8200098915
8200478620
8200646836
8200628749
8201264500
8200646837
8201010934
8200118775
8201010935
8201264490
8200028071
8200028068
8200403242
8200646838
8201010936
8200085843
8200085841
8200634738
8200098914
827200016R
3501031701
3501031016
8200901099
3501037770
3501031610
3501037050
3501031470
3501031633
3501037780
8200628752
3501031228
3501031355
3501031227
3501031015
827203386R
807210269R
3501033410
7700352495
3501031356
827003722R
3501034790
5010600155
3501034280
3501034270
3501037810
3501037060
3501032630
3501031486