259908413R
8200606830
8200213231
8200652287
259902656R
8200606826
7700311235
285252940R
8200096841
8200780021
8200780007
8200351186
8200179408
8200213234
8200206771
8200258551
8200367241
8200433200
6025407303
8200305575
8200525386
8200870483
8200357328
8201054119
8200481778
281159066R
8200780033
8200246184
8200536201
5010466930
8200190295
8200387290
8200530967
285900750R
7421427022
0486106138
3200029340
8200530970
8201029399
5010614376
237102265R
8200096831
8200528485
285903948R
4285253206
8201068829
8200343734
285259696R
282755767R
8200309016
7421313713
282752235R
8200523721
285255408R
7700844810
7700421261
8200433198
285252736R
6025410516
285903089R
8200200780
488103594R
7700823112
8200534446
8200346814
8200309033
259675052R
8200141161
8200607608
8200300703
8200103749
8200190270
8200530976
7703297184
285653130R
8200063350
8200403415
285253206R
8200742631
8200148810
7700429664
9663798380
8200607606
7703197962
8200413977
8200206769
7700427845
8200447514
8200500348
6025406607
0263004999
259903516R
0263014046
8200497361
0263014121
8200924038
8200234046
5010614550
8201068830
8200636729
8200546983
8200214498
8200851165
985100475R
985105229R
283468105R
280610854R
8200874481
343501820R
2852577459
259901799R
820144882R
0263014001
4614700020
8200660168
8200790995
5010415003
8200190276
8200283817
0261204417
7700744410
285150615R
8200346815
7700411319
259903681R
8200309046
8200283815
9065453401
5010564101
8200958328
8200306433
8200309691
8200261824
8200315964
8200463739
8200660167
8200141163
8200534447
9664058780
8200357327
8200522853
8200262051
8200306436
285252071R
8200215216
8200150549
8200207139
8200305576
284360168R
282754458R
7700114502
7700865827
8200292040
8200028833
8200584661
0281013505
8200220680
8200641490
8200753616
8200811816
8200383478
8200606328
8200305678
8200367246
8200433197
8200029343
985105123R
8201217225
8200230857
985108011R
8200854865
8200963406
8200412042
985100889R
985105478R
7420569215
985104074R
985107896R
7420569216
7700437471
985105923R
8201025624
285580007R
985106621R
985104488R
8200117651
985100781R
985104418R
8200528764
0285001958
285580053R
985101389R
8200645158
285589605R
8201229153
8200454705
985102271R
985106190R
6025313760
8200492951