8200214942
463150004R
1987476044
8200441201
1987476067
1987476065
5010422341
474019013R
474010001R
8200097966
474018736R
5001014972
7700434787
8200057462
8200057460
8200673552
8200062202
462104785R
463169296R
8200086894
8200129954
8200597210
2452670625
7700832611
474017136R
7701050073
8200256166
8200441654
8952007587
462100001R
7700804814
7700304969
7701050070
2452670626
462107756R
8200404264
8200003478
8200698562
8200020558
6025307608
8200679271
7700423975
8200805037
7701200006
7701201777
7701208339
7701051524
8200741200
7701051525
2434511710
6314200083
6314200183
7701208038
7701204842
997506470R
5010269870
997502367R
8200174075
5001848135
0486205017
9730112060
5010422343
4324150380
0486203017
5010633321
0486203002
9254921020
1485515023
0486204002
5010422019
4721950160
9253201540
4729000530
0486203030
5010525450
0472195016
474015600R
0486204001
4614945120
5010525216
0034313505
5010422345
4757111550
5010457619
4341002570
5010422743
0486203028
5010457556
0486205006
4613151500
7421434396
9347141300
1003536010
0486203004
4614945000
5010457151
0486204021
4721950100
0265351118
4721950180
0265351108
7700856416
4728805706
7700428821
7700827866
7700839322
8200049591
5010056685
4757215010
8200243735
5010457257
5010457557
4757215000
0486200104
5010525808
9347140146
5010612854
8200610149
9650010110
4728800010
487002725R
5010545581
462266918R
5010260496
5010260705
5010457434
8200396849
5010344186
5010457558
0486204026
8200498693
8200451237
0486110011
5010457873
0486203034
0486204023
146505272R
0486200101
4801061050
7422358799
0486203031
5010457146
4728800030
5010260940
472104099R
8200418297
8200193383
8200471052
7700107794
7701206791
472100046R
8200891047
7701205816
472104106R
8200506839
8200883918
0377625101
472101170R
0378641233
8200091050
7700308423
146504799R
7700825498
8200159686
8200837106
7700432090
472104797R
474011408R
8200197389
472109954R
8200003516
7700416199
8200192612
8200363858
472100024R
472100041R
0204051634
472100029R
472109791R
0204021582
0204027133
8200418298
8200189405
8200910009
8200076083
8200091336
7700302918
8200704573
8200043563
8200678376
0204810827
472100123R
0204023594
460115822R
8200418397
472102018R
7701206915
472106230R
8200934654
7700807085