7700114854
8200453261
8200230514
8200695968
8200180846
8200069300
0281019325
7700112767
7700115098
8200035702
7700115160
8200024667
0281033119
8200051608
0281010632
8200326391
8200546935
8201448824
0261206143
8200046214
237104833R
8200150542
7700111549
8200035705
7700870794
7700747899
7700858450
7700875746
7700115799
237101754R
8200458276
9639458880
8200038888
7700868188
8200112119
8200646029
8200541450
8973835013
8200440290
7700863583
7700868316
7700869355
7700871988
5010201469
8200191703
7700857526
8200069290
8200298457
7700114504
8200607618
5010284082
8200272410
8200211611
0281010501
8200118521
8200793109
0281019075
8200471073
7700864458
8200915768
7700864449
5010454367
8200981816
7700863478
237102213R
237100668R
7700850439
0281013366
7700112436
7700114875
8200044453
8200331477
8200309910
0281001766
7700115597
7700110531
8200109024
8200153834
8200046495
7700860316
7700860923
7700311656
8200291947
7700736391
7700734611
7700860319
7700860290
0281010297
8200785132
8200035891
8200864324
8200444583
8200272464
8200264679
0281010787
0281017613
0281010769
8200184294
0281001999
7700104407
237101495R
8200789222
237104736R
8200149444
8200124320
8201127198
8200046740
8200406058
8200108405
7700108814
8200209266
8200052418
237106319R
0281032811
0281014546
8200394692
7700102863
8200621762
8200108411
7700108493
7700105560
7700864454
8200504593
8200399638
0265101018
7700115096
8200303623
8200049304
8200646025
8973531864
7700113488
8200199718
8200085921
0281010502
237101505R
7700868318
8200401568
8200611648
0281010044
0281001877
7700107343
7700868295
7700104718
8200153840
0281011890
0281012568
8200497214
8200102371
7700110938
8200669964
237109221R
0281015323
7700868294
7700111203
7700111201
8200246734
8200069287
7700115496
7700105954
237100323R
8200285314
237101358R
0281010481
8200057536
7700113864
0281001590
7700107258
7700868305
8200035692
0281010077
0281032885
237100121R
7700109621
237100718R
0281016228
8200212352
8200412258
7700875745
7700103718
8200426446
237104145R
8200023511
7700745989
7700863539
7700114968
8200220685
8200339743
7700109050
8200284277
8200001476
8200230395
8200022406
8200092142
8200069289
8200039797
8200091517
237101312R
7700115210
8200250664
8200259803