8200242405
7700114696
237101693R
8200882381
8200024377
7700112444
8200033337
0281014360
8200774747
5010412379
8200259934
8200140057
7700103799
7700105955
7700740747
8200164240
7700112451
8200389519
7700113511
7700115157
8200118522
8200305381
7700111151
237061608R
8200035706
0281011275
8200469335
8200033891
7700867270
7700110936
8200647195
8200118523
8200090112
6900000312
8200061272
8200565863
8200024376
237104091R
7700115802
7700112875
8200207499
8200090295
8200061269
7700112873
7700112836
8200029554
237100120R
8200882087
8200055742
8201077701
237103353R
8200164131
7700114503
8200355859
7700110372
8200020959
8200046162
280632549R
7700112340
0281011530
237101029R
8200312426
8200118526
0281010483
237109375R
1265106181
8200211711
7700111342
8200142883
7700104481
8200197464
8200109025
7700102202
8200123483
8200129063
8200246732
0281011969
0281011390
0281010819
237105748R
7700114969
8200283924
8200783539
0281010784
0281019889
7700115207
285250815R
0281012996
7700102299
8200061281
7700113421
0281012997
8200740896
7700859558
8200034948
7700110261
8200303626
8200129534
8200167410
8200064017
237101689R
5010271166
237100669R
237101353R
8200298699
8200200622
8200140058
8200150538
7700868300
7700111207
8973531891
8200543319
7700742851
7700862150
0281015781
8200374168
8200039569
7700106183
8200412549
7700103418
7700112443
7700112608
8200211726
8200937869
8201119647
8200374247
7700311655
7700311739
8200305783
7700108489
7700103716
7700874432
7700874639
7700113251
7700106070
8200711326
8200438381
8200400246
7700746044
7700744412
8200389169
7700874129
7700108598
0281011776
8200046482
8200374301
237103352R
8200250662
7700875744
7700850440
7700271113
7700861024
8200033679
8200187028
0281010556
7700108811
8200036523
7700111891
281152239R
8200254240
8200303619
8200355864
0281001878
7700110649
7700109062
0281010442
8200126983
8200049306
8200783095
7700107196
7700107250
285903438R
8200606828
8200574058
6900001135
7700105985
8200804775
8200542288
0281012199
8200355849
8200303141
0281011148
8201199711
7700103191
8200374153
0261204416
7700868308
7700110149
7700860309
7700112787
7700105559
7700114020
0281012185
7700103919
8200327655
8200109017
7700861413
7700870049
8200351183
8200043240