7700112440
8200272406
7700114873
7700851739
7700851633
8200813185
8200116535
8972406917
0281011725
7700105153
282780608R
8200619409
7700105024
5010271011
7700110427
0281010142
0281011103
4104150050
7700102887
7700111689
5010415051
8200041428
7700111874
7700113422
7700871984
237102066R
5010284775
8200326498
8200474008
8200376474
7700114876
7700108813
0281011101
0486106021
8200019537
7700113935
7700104956
7700109745
8200659536
7700860924
7700872650
8200055730
8200059878
0281001995
7700109049
0281010143
7700114659
7700113283
7700745990
7700744407
7700745988
0281011723
7700745983
0281010633
8200051609
7700109866
7700864585
7700864601
7700861423
7700873360
7700180455
7700844813
7700115161
237100055R
0281014646
6900000057
8200700695
0281011030
8200218613
8200020958
8200374281
8200374302
280389917R
8200057151
8200059880
8200078730
7700749946
8200111211
7700114982
8200141954
7700105979
8200149780
237102928R
0281014354
7700103969
7700869295
7700108571
8200911568
0281013506
8200767242
8200029556
7700110257
8200065772
237100943R
6009371001
8200422790
8200019649
0281010786
8200019659
7700110689
0281010788
8200195750
8200623251
8200029559
8200394105
8200272204
5010415050
0281014457
7700102904
237100627R
237100307R
8200180595
8200391971
7700108452
7700108440
7700103798
8973804200
8200453233
8200050919
8200064263
8200389046
7700114022
8200292067
8201112294
8200355851
7700744869
8200311539
7700105980
282757437R
8200909666
8200035715
8200047476
237101907R
8200244961
8200256858
237100914R
5010142738
7700115401
7700108455
7700108442
7700112791
7700102989
8200343846
5010231646
7700108453
7700861419
7700871826
237100425R
7700112929
8200204643
7700104703
8200096840
4460553040
8200259832
8200264698
7700104484
8200143809
7700111770
7700107414
7700851755
7700862148
7700853733
7700864506
0261206152
7700864456
7700863564
0261204012
7700103195
7700851756
7700863557
8200676160
7700862136
7700858672
8200155523
8200331773
8200592611
0281001805
7700415565
5010437363
7700112445
7700112606
8200909096
8200031655
7700112338
8200944930
5010583063
7700111230
7700110398
8200148684
8200090293
8200228550
8200264013
8973192822
7420848526
8200031656
5010143648
5010143622
5010415045
7700113502
8200461382