8200076093
237104376R
9647640880
8200334540
0281012659
8200735819
8200139619
8200212345
0281011940
8200164728
237100033R
0281030973
7700114850
7700107088
8200814472
8200109732
7700110475
8200326380
7700107694
7700102990
8200019639
8200274277
0281010482
8200126462
0281013075
8200391179
7700107197
7700108812
0281010783
0281019148
8200935115
237102071R
7700113281
237105821R
237109010R
7700106071
8973192824
8200911562
8200513058
0281012769
8200391956
8200775316
0281011432
8200149442
8200205833
8200191782
8200212348
8200298463
7420554487
7700103417
7700110708
8200374152
8200198592
9641606980
8200724338
8200298690
8200355857
7700874128
7700106099
8200403822
8973192825
7700114697
7700114699
0281010299
8200136328
8200355861
8200726883
0281015676
2371000345
2371000777
6025312692
8200047493
7700105952
237100348R
0281011254
8200236624
7700103966
8200626634
7420753000
8200072538
7700111772
237101620R
8200387138
237101206R
7700103794
8200129458
0281014351
8200688494
8200222917
7700852357
8200153997
8200513163
237103606R
8200326741
8200326910
8200019634
7700873714
8200148659
7700856312
7700866431
8200020956
8201051836
8200953529
237100966R
7700864295
7700871981
8200190293
0281010637
8200051260
7700102261
0281030899
8200911566
8201077406
8200374174
7700860340
7700110646
8200343733
0281010798
0281010980
7700107708
8200047494
7701044537
7700856784
7700109205
7700113510
237100345R
169107803R
0281011102
8200603070
8200112661
7700108382
8200309035
8200250663
8200461296
8200278378
8200850657
8200353671
0281011105
0261512918
8200331447
237102860R
7700736392
0281001997
7700868304
8200323683
237101370R
8200175016
8200994248
0281011529
7700867274
0281011106
7700107003
8200501860
8200700600
8201054128
0281010785
8200943317
285257609R
237103888R
237100637R
8200384398
8200138227
237100132R
8200958288
237100858R
0281013507
8200026138
8200327651
103717205R
0281011724
7700868443
8200119842
8200046477
8200508361
0261204434
8200021348
8200848407
237100777R
8200183770
8200163528
8200285406
8200029658
0281010118
7700102293
1758000453
8200091416
237107175R
8200263396
8200243877
7700860337
8200384493
237100746R
8200483732
7700105983
0281001739
237100386R
0281010843
8200110105
0261204746
8201117953