8201076738
8200546938
9662517180
8200804430
8200584663
237100899R
237103575R
237109776R
237109775R
237102426R
9678476880
237109222R
0281015798
237108979R
0281011342
7420908555
0281014083
7700860019
5077030841
8201076690
0281010695
0281010532
0281011531
0245451532
237106690R
8200518396
8200518393
0281012107
8000309318
237106677R
8200279459
237100487R
8200792976
8200726221
237101990R
7700864476
0201019148
0281010178
237103135R
8200269493
0281011454
7700110258
7700874631
237102748R
7700419012
7700856311
7700866433
237101066R
7700816342
8200560320
8200163352
3056784348
7700860324
0281012058
9603882780
7700874630
7700114354
7700109622
7700105817
7700104701
7700731801
7700865815
7700726991
7700723126
7700864274
7700736763
7700747270
310320036R
7700107302
7700723098
0260002603
7700748183
237101361R
8200141333
0281015330
8201002106
8200169691
5010577930
0281001906
9810858380
0281013329
8200091156
8200451902
416516237R
8200282007
0281017977
8200200577
7700110688
7700860338
259900003R
7700109191
285252369R
237100703R
7700104483
8200574066
5010231645
8200204834
227904663R
0281014444
237101715R
237103956R
8200529452
0281017065
8200525388
8972406922
7700868315
8200298164
285904740R
237101408R
282754006R
237104128R
7700105943
0281010189
7700115078
7700112442
7700114024
5010415004
8200296267
7700300625
5010614203
8201077468
8973192823
7700854160
8200176975
0281015321
8200724363
237103217R
7700850842
0261207423
8200386508
8200441820
0281003057
285253924R
8200785530
8200376187
285905719R
8200216999
8200469340
7700113863
3911022745
8200473750
8200856659
2371010293
8200085386
9065023348
8200495479
8200025769
8200346254
8200476536
8200326733
0281011561
9653958980
9658274580
8200200625
8200677546
8200953545
285901391R
8200091428
2800309690
8200525387
237102706R
237103368R
8200209265
8200166362
8200497460
7700113460
8201229416
7700102294
8200228570
8200381668
0261204697
8200054222
8200558438
285900636R
8200491652
0285001157
8200682384
8200870481
8200336827
6900000523
8200461558
237101908R
5010614375
243800003R
8708115597
0263004442
7701205086
7701208054
6025304073
0986479760
0986479565
432000007R
0986479695
6155210029
6155210049
4363201300
4154200101
7701206118
7701205296
7701204281