8200171765
2401260185
0986479668
432027306R
2401130200
2401260123
432068231R
2401120191
2401280129
0281011277
0281012658
8200666516
8200230515
8200444586
8200058045
8200527756
0281032654
8200162381
0281014352
5010550351
0281013367
8200149200
0281017066
8200635663
8200512582
237107137R
0281030991
7700114576
8200019879
7420758802
237100311R
8200195170
488109031R
8200229098
237101830R
237100740R
237100409R
0281032927
237106468R
0281013907
8200705747
8200290629
7700115205
7700854536
8200355741
8201011914
8200078499
7700860285
8200057045
8200057049
7700863472
7700300496
8200661124
8200187013
8200461565
237107336R
8200069297
7700112928
7700112938
8200326375
7700869818
237107343R
0281018132
237106626R
8200023519
8200470341
8200385921
8200192124
8200392704
0281019471
8200235099
8200720186
0281019898
0486104037
5010422382
8200279458
237103984R
0281015994
8200046488
8200064012
8200401998
7700861063
7700850075
7700103091
7700105028
7700870156
7700870158
8200250665
8200261138
237103571R
237100422R
8200392680
7700101706
8200145268
0281035325
8200045685
7700850084
7700850841
8200313057
8200057311
101713105R
237107314R
8200217414
8200150546
8200621220
8200385924
8200087106
7700111131
7700113455
7700113459
8200279616
7700102632
8200127789
8200102560
237100173R
5010284081
8200072539
8200114683
8200212344
7700874132
7700107004
8200374241
8200061279
8200338849
8200621210
7700115803
0281017614
5001826814
8200145049
8200074714
7700102301
8200187017
8200059091
7700861420
5010245948
7700112632
7700103290
8200058540
8200058537
8200136990
0281012200
8200470344
8800661124
7421313712
8200390568
237106607R
8200214974
8200412942
8200021797
237102597R
0281030438
8200336420
8200847131
8200680832
237108770R
8200479659
237104627R
8200128778
8200047473
237100294R
8200631560
8200048226
8200288491
237104454R
8200056875
8200019633
237102479R
237106724R
8200230495
8200069301
7700864460
7700109091
8200384441
8973613881
8200114834
7700106482
8200060344
8200338844
7700868185
7700857528
0281035806
237103238R
8200711268
8200473764
8200187014
8200120224
237102307R
237104308R
8200454513
7700108492
0281030135
7700853734
7700862140
282756479R
8200167416
8200133006
8200414829
8200023500
8200132198
8200992186