8201005297
474016496R
118728113R
223208211R
0204125811
0204125795
0204125953
0204852337
0204852335
8200698352
8200327670
7700849992
8200935203
7700437783
6025306378
8200699121
8200345868
8200110990
0265005354
8200837108
8200110991
472110004R
472104799R
8200506834
7700411767
7700308122
472108651R
472104612R
472106085R
8200097098
8200069904
7701206790
8200184211
8200069903
472100019R
8200873347
472109569R
8200906848
8200137289
0204054116
472107999R
0265005329
8200189105
8200699124
8200883696
0252188818
0252317218
0986460932
0252570217
0252348216
0252393418
410605612R
410602581R
0986467720
0350598825
7701207187
0986494592
8200692201
4757205000
7420864258
5000391071
6025006304
7700716678
0486205011
7701349735
0204720866
460913484R
460917653R
8201142433
8200285798
237310300R
0986280412
8200033686
237310135R
0232101030
8200567414
237310776R
8200647554
8200396919
7700101969
237962295R
8200370572
0986280433
7439146108
5148990000
111452903R
7700872494
7701058077
0648471890
9642105380
237318108R
8200789628
8200823650
0281002458
0281002406
237317135R
8200789528
8200156362
8200789529
237317626R
161206038R
7700111951
8200251569
8200277233
7700108817
7700100779
7701474362
8200073935
130246645R
130253326R
8200810828
7700108671
8200782671
7701478037
8200413951
7700107401
130259227R
130252707R
8200758088
8200585577
168015018R
130258860R
7701478505
7701477098
130241751R
7701478079
130249082R
7701478459
7700718503
8200548227
8200020968
7700274413
7701471374
8200793248
130257094R
7700111512
130242580R
8200552236
8200371496
130251361R
130252081R
130250457R
8200053729
7701476570
8200539619
7700104342
6001545392
8200945035
7433531523
7700866844
130259835R
130263326R
8200013997
1083301007
8200718120
8200255678
0272491640
130205358R
8200007915
130206522R
8200019181
8200019183
7700100140
8200488527
8200089894
8200190228
8200884427
8200488596
8200754011
130208342R
7700106678
8200825144
8200180602
130252372R
130015174R
7700116265
135026985R
8200767762
135027147R
132656629R
8200039573
7700865926
641950920R
8200922001
8200255494
8200294625
135021465R
8200579031
8200223917
8200183179
8200560211
8200265412
7700864422
7700170061
7700869793
8200729286
135613805R
135632786R
8200830213
8200806730