0281017038
285908099R
969718680R
237104558R
237100052R
0281011652
237108535R
0281001892
8200053809
237104451R
8200847021
8200550687
0281033721
237109614R
0281014524
8200252275
0281012286
0281012771
8200601337
237104817R
237102223R
0281015862
8200979430
237105337R
0281032458
0281012340
0281032002
0281011088
0281019306
0281036054
0281034279
237106471R
0281032068
237107426R
0281032459
237105424R
0281031387
0281013365
0281034275
237101942R
8200164722
8200162516
237109659R
237108056R
237109036R
0281011976
8200435580
8200602204
237107620R
0281032809
237105257R
0281031332
0281020637
0281012051
8200398198
8200561156
0281012124
8200483980
0281013017
0281032653
0281033127
0281011061
8200064134
0281011642
8200373526
8200451684
0281012473
8200404566
0281012472
8200404549
0281012213
8200551060
0281012215
8200438735
0281012214
8200430816
0281012126
8200503374
0281013019
8200625150
0281012125
8200502418
237100235R
0281018918
0281036122
8200751451
0281030988
0486110026
8200279876
8201008523
0281020061
0280000215
7700377148
237100940R
0281017068
237106038R
237106282R
7700377108
8200632940
8200579418
8200220684
8200861533
0281016226
0281013020
8200770187
8200321937
0281012055
0281012057
7700851750
0281019305
237104588R
237104093R
0281033131
8200975823
8200815760
0281017997
271430958R
8200884451
8201388835
285252272R
310320197R
8201167432
8200193994
8200565976
922004525R
8200012119
9400390630
806019168R
806016096R
8200935956
806017944R
1011202002
8200199152
806010051R
8200214168
1011202001
7701206155
7701206148
7701046797
1011202003
8200214173
1011202007
7701209427
487004399R
806016040R
487003947R
7701203147
7700311816
8200224595
8200004283
8200468515
285974100R
1011202006
487002147R
5001866578
8200033233
806010030R
487009492R
487004438R
8200214116
285910001R
7701038365
487006886R
285902536R
7700765533
8200091857
7701470736
8200176685
0285908018
7700822034
7701208408
5010143870
285900647R
285908018R
8200216724
285900001R
487004184R
487000834R
285905747R
7700813973
806011757R
285977505R
8200139447
285800004R
0156105930
7701468974
8200224459
8200035272
5010614034
5010428253
285905718R
0000500330
9666671780
285916556R
8200410976
8200171531
250825784R
8200536605
280237588R
283126595R