282754521R
243826085R
5010466950
9667199680
8200219986
8200399783
8229283696
260552119R
2437626661
8200338872
8200520034
8200262383
8200371617
1734692949
8200220647
7421079590
8200306437
6025316605
7763297183
263315510R
8200167419
8200030603
7930763499
8200275655
0281003005
9614167780
7700109860
5010590353
110678071R
8200859243
0281003045
7700856789
7700870715
5010415251
7700300624
7700106072
7700300773
4460043070
7700867374
7700111525
7700100703
8200190297
9640469680
7700676914
7700757776
0280230014
110673774R
8201002168
7700733390
0332002256
1397328008
282780607R
7700851443
271206365R
244280249R
8200456655
237065517R
244970005R
244460001R
242708587R
648944878R
648944946R
244460010R
244460003R
240800969R
5010314883
244460007R
244460002R
8200423060
8200023140
8200113957
244280018R
244310005R
244970004R
244281923R
8200654693
8200356339
8200654694
8200870492
648601269R
648949124R
648947355R
648604862R
8200314273
652788996R
648600006R
244285870R
244466737R
237068886R
0155230041
8200196263
402068234R
0986479759
0986479278
432000010R
4154200102
8200177024
7701208850
2401110166
7701204284
7700426389
2401280245
2401260186
2401280135
7700431917
8200436878
8200153270
180020000R
180025148R
8200414519
8200672371
8200003393
8200700229
7422357685
210511238R
8200042880
7700105176
7701633125
7700106101
7700866518
7701464538
7701473327
7700864596
7701478031
7700861686
0392023294
3523161708
7701472182
210103098R
8200285950
8200005081
117102017R
7700859931
7701459435
8201013780
8200129206
7701475995
7701466850
7701462145
9640344280
0392023015
7701467622
0445214024
8200357354
7701463397
7701462809
7701463111
7700736091
8671019641
8671019519
9641117180
7700105378
7438610006
7438610035
8200146298
3523161712
9637506680
0350506573
210106113R
5130500005
7700871801
7700111675
0350506698
0350506019
1214103200
9627667988
210108574R
8200146301
7701466779
7701464736
8200146297
7701452155
7700861627
7700107845
4314101200
3509816420
4014101300
7701478830
7701467223
8200713853
4014101900
7701041348
7701478018
210103373R
3523161711
0350506863
0350506725
7701465513
9671017773
8671017773
7700274330
7701464030
7701478924
223727641R
7701474190
210101302R
8671017743
8200428447
1201000000
0350506780