3523161710
210108030R
2002000001
7701466419
8671019585
8200042514
8660003252
7701466778
7701474435
110618527R
210109189R
210107370R
9640601280
8200266950
0350506655
0350506099
0350506580
7701466571
7701461405
3523161703
0350506709
7701461006
7701462491
7701468491
8671017749
7701479043
8200088663
7701478923
210108845R
8200962185
7700111841
7421219970
7701463377
210108796R
8671017748
6001543359
0350506564
8200332040
8200582675
7701476496
8200088660
8200266947
7701479114
210102773R
7700599357
210105707R
7701378050
210100753R
5130500003
210105296R
210103314R
8671019520
7701468802
7701467153
7701466693
4062130701
7701463182
7165430100
7701457771
215018211R
6262000007
210107477R
7701462808
8200037686
9635986680
212009132R
165780388R
4061130701
8671019615
8200397735
8200702755
7701478925
8200702762
0350506074
7701461336
6136000003
0350506325
3509817640
8200702750
8200397732
1610069355
1610069356
6072000007
8671019598
8200653934
9635018180
8200235657
432025945R
0986479607
0986479573
0986479196
7711130077
8201695235
7700715412
7711130038
7700841564
1309392080
6025370406
2401280132
2401120190
2401180153
0986479280
402066624R
2401280252
2401280133
7701477028
7701457546
8200689693
2330303009
210100906R
7701349446
3509820560
7701462419
210101832R
8660003262
0392023101
7701467278
5001853804
8671013934
7701467642
210109409R
8200494541
3509814910
8200693173
7701473784
7701466410
8200729976
212309916R
922000004R
3523161705
0350506879
5001851798
7701057952
8200477168
7701474551
3523161713
210102433R
7701474006
7701470879
5000663009
5000670157
5001875237
7701057951
210109404R
210100113R
5001857427
5001866278
7420734268
7420744940
5010284179
7701470880
210109334R
5001837288
5010258977
5001858484
5001863728
1610009260
1610039485
1610039486
8003628859
476604656R
5001837295
210106764R
212007967R
210118431R
5802102046
5010248179
5010477005
5001845328
5000823146
5010550550
5010477162
5010553652
8200411166
8200211563
8200008765
8200302463
8200735039
214000007R
7700425842
8200115542
8200117609
8200357536
8200448553
214106473R
7711135327
8200189286
214107326R
7700773968
7701042436
7711135811
8200369307
7701352603
7700838134
214000004R
7700838135
7701034768
8200292771
6006000709
7700784037