7700805486
7700784040
7701034770
7700795175
7701036152
8200140972
7700304932
7700838133
7700430784
4769013000
7700314382
8200455801
8200115541
7700784038
8200033831
7701352896
7700836301
7700838129
7701352606
7701352605
7701034767
8200735038
0350316658
8200008764
7701499974
7700804240
7700821910
7701038237
7700428082
214101612R
7701057120
214100002R
215149414R
214100068R
8200245596
214100078R
8200884679
7701412007
7700312858
7711135540
214000035R
7701047889
214100005R
214000003R
7700786442
2143710003
8200033729
7700430647
7700436916
7701499953
2176511980
214100006R
214100598R
7700836300
8200138738
8200834493
7700429769
7700786444
7701047886
7701395092
7701499549
7701045212
7701499800
7701045345
7701045410
7701049754
214100004R
214100014R
214101809R
8200151465
8200156548
8200072712
8200240818
7711497455
7701473785
4769002000
8200332851
7700795174
214105150R
7701352365
8200049080
8200049077
7701034769
7711134331
8660000442
6001545765
7711134656
7700432392
8200343476
8200116110
214104966R
8200252209
214105378R
214101527R
214100016R
7700838136
8200115540
8200443896
8200421597
8200471885
7700428659
924107546R
204767111R
7701035951
215037444R
8200221498
7700839275
7700816323
7700810264
921000294R
8200418328
214101448R
8200688390
214104684R
8200966248
248100285R
8200680824
8200433512
8200033732
4535000203
8200075810
214100001R
214105169R
0350731378
214100067R
214107399R
4769029000
7701038219
7700806575
8200189288
7711134658
7701035718
214100015R
3502137760
214108607R
7485123645
214101206R
214106091R
214109798R
7700301171
8200330848
2141000014
4155000002
8200418327
7700741216
8200365427
8200582026
7701044076
7701043411
7701499548
7701352976
8200073817
7700836304
7700417175
3502131680
214000005R
7701352899
7701474240
7701047887
8100343476
7711135786
8660000440
9965731110
7711135784
7700430143
7700430648
7711134322
214005447R
8200685725
8200465488
214004474R
8200025637
8200418329
7700757930
214100087R
214105513R
214105514R
214107695R
7700312899
144968116R
214100055R
8200688382
2111130857
144965154R
7701045211
7701654132
4769032000
7700272472
8200468913
8200325007
0350732072
214106387R
214100057R
214100056R
7711135783
144610515R
0350734246
214100069R
7701049664
8200880550