8200747214
6452839074
8660003463
4155000102
7700315276
8200134606
214006645R
214008764R
215013745R
402020005R
6155230022
402064151R
7701205843
7701201283
8671016818
432001868R
2401100325
8671017844
214109682R
8660003464
7701057119
8200489879
8200468931
7700803753
5010382645
7700764838
7700785734
7701352284
7701395102
7701057117
7701046210
5010514437
214104950R
3502132740
214104344R
7701499884
214106179R
214105423R
6025313324
0350732853
5010382814
214107641R
6025307275
6025101338
6006000712
7701042415
6025310088
7701352904
7700790964
8200448552
5010435102
8200072713
7701041957
214108175R
6025312321
214100992R
214106419R
921006454R
7701499796
8200369308
4535000103
8200289181
214100045R
214103657R
8200289184
214106556R
6025306734
7485000988
7482164953
7421009754
8200742598
214103569R
214101292R
921006843R
214819674R
5010619143
7701035723
214101263R
8200662040
7420833583
7420833584
8200552787
7701066109
214100017R
214810039R
0350735625
8200289194
5010619141
0350735624
0350735182
0350735279
8200149953
0350701662
0350732918
0350735181
7420775792
6000618062
0350734922
0350734946
0350732911
5001849740
5001858101
8200008766
7700876214
6025313331
7711134625
214100003R
8200384071
7701499797
7700726932
7700741062
6025411680
8200297816
6450917480
3502133730
8200427469
7701069897
7701040662
5010315826
214109155R
7701474241
214100052R
7711497454
7701059051
271433935R
8200732379
8200688387
0350732569
9385712125
6025372518
214003414R
8200267994
7701352201
7701043670
7701035721
5001849741
7711135787
8200778910
5409370800
921007736R
625304999R
214109860R
5001847508
5001847565
5001856789
5001856788
5000397635
5000450226
5001864775
5001861376
5001873354
5001867855
0350735112
7420809878
5010315737
5010619446
5001866280
5001837210
5001837212
5010315369
5001860493
5001839113
5001859152
5001867210
7421699253
7420809768
5001868516
5001873681
5010213427
5001834418
7422207699
214102845R
5001847483
5010315845
5001866239
5001856790
5001858494
5001868514
5001859153
5010230484
5001873317
7420809769
5001855885
5001853068
5010315825
214108535R
144960015R
144963014R
8200008761
7700312903
144960006R
8200301883
144967634R
8200221885
144968999R
144960022R
8200245599
144966078R
144967318R
144613211R