8200827977
8200805594
135611020R
135020211R
135630596R
135632713R
135611121R
7700599573
8200727304
8200018628
100010721R
135639858R
135024451R
8201003668
8200795003
135029114R
7700868579
7700114448
8201567299
8200795012
135020196R
8201007366
135028725R
135029555R
8200765063
8200802219
7700111603
8200765060
7700116018
8200653638
8200950812
5600426872
8200922011
8200102678
8200397693
135029068R
8200830211
8200018638
8200902477
8200795018
135000849R
135633653R
5600632563
8200240058
8200064417
7700105102
5435970001
8200398585
8200348244
5435971000
8200347344
5435970000
8200091350
5439970007
8200054417
8200191437
8200267138
8200110519
5303988005
8200221363
144106351R
8200575462
5435971001
8200332125
7700111278
8200256077
7700107795
7700108030
8200356205
8200638766
8200046681
144108035R
8200864984
8972409266
8200483650
8200447624
5435970004
7700658124
8200108052
5439101508
8200459638
8200459494
7700866502
8200113839
8200466021
8200381645
7086399010
5010412597
144117533R
5435971002
7701352801
7701469726
8200052297
149568021R
8200178919
144119263R
9686120680
8200267139
8200561269
8200396585
8200369581
8200114015
8200799760
5435988000
5435970003
8200545354
5303970005
5435970002
5439970000
8201234380
8200398565
8200864964
8201164371
144106434R
5439101506
144108762R
5439970003
151928776R
7700101141
7700108566
8200502013
5435971007
8200458162
5439101507
8200100284
5439970008
144109240R
7700108864
5439970012
233003359R
5433597000
8972409267
8200069567
8201051043
7711497401
8200695785
7700100030
8200544911
8972506762
7701476620
7701477162
5304101516
8201439411
7700668124
8200388585
7701044612
8200822404
7700104130
5439970002
8201124245
8200359989
7700108866
8200219163
7700106069
8200583885
8201124252
8200695786
8200741528
8200741529
5439970005
144103742R
8200741579
8200741580
5303990004
7700869488
7701478918
8200583860
8200199304
8200864496
8972409867
5433970003
8200392585
8200459492
7700865271
7701476880
8200392656
8200478276
151981816R
151986192R
151987167R
151928075R
151984592R
151980558R
8200636766
1635970001
8200141188
8200827854
210457368R
1641101477
5435998002
8200575657
144985838R
151983009R
8200208708
7701473551
5303988001
8200507852
7701476891
8200600122
5443101476