302051190R
123100001R
302101852R
3000951079
7711134888
302058324R
301017232R
3000951567
123106789R
7701472757
7701475386
7701473307
0350003433
7701473674
7701472771
3000950085
8200016962
7701472000
8200187171
7701477017
7701467224
7171471838
7711134063
7701471838
7701477055
302051170R
7701476001
8200907219
8200907218
7711134827
7711135963
7711497028
302050418R
8200572457
3000831501
3000951103
123101804R
7701476934
3000951333
3000440001
302100495R
8200150155
302107571R
8201313792
8200218203
302103451R
9807707080
7711135428
7701477814
302055016R
8201516550
302050831R
3000990089
302054818R
302058621R
7701479051
302053412R
8201082887
7711135971
123102067R
302053448R
3000951142
3000951324
302103950R
3000990142
7711368143
7701478114
7701475246
8200263297
302052315R
7711497160
7711135978
7711135437
7711368145
7711368167
7711368149
302055779R
7711134977
3000970090
0350009303
7701479062
302051674R
7701473583
7701472769
3000950538
3000951204
7701205131
7701479161
7701478109
8660004313
7701466686
3000950758
7701467494
7701469244
7701472770
7701473668
7701478171
3000951391
302052229R
302053102R
7711368139
7701477877
7701478637
7711497431
7711497430
302059239R
7701476327
7701463623
7701472068
4000910001
302053536R
3000950601
7701464763
7711497029
3000951997
3000950651
123101951R
302057503R
302107376R
302105353R
302104206R
302059399R
123107079R
123107183R
302055634R
7701475945
8201184888
7701475910
7701478799
7701474546
7701472700
7701475345
3000951746
3000951908
3000950677
3000950647
7711497536
8201184889
3000950658
3000990099
3000990128
3000823301
3000951969
3000990381
7701479126
3000834202
302054100R
3000951375
123100916R
302057116R
3000990116
7711135078
7711134856
7711134833
302058739R
302056114R
3000951128
302050667R
7701479007
3000970084
3000990403
3000951926
3000951219
302052305R
302050001R
302053110R
3000951325
3000970097
3000950551
7701477838
302053679R
302058039R
7701468625
7701469166
7701477056
302054848R
7701475974
7700873440
8200509419
7701205090
7701471744
3000951986
3000951330
3000951220
3000990386
3000951338
8201184896
7701477029
7701477031
306200650R
7701476248
7701471218
7701474139
7701474138
302057908R
3100008204
7701475311
8200583737
8200879686
3151000404