8200859892
302052316R
3000951380
3000990326
7701468337
302186786R
7701474518
3000950602
3000951942
302050618R
3000990101
3000990094
302052965R
3000951395
302056600R
7701476589
3000950707
3000951931
3000990445
7701478098
3000951944
302057590R
3000990411
1230406910
7701472240
7701475532
7701475465
3000990490
3000950719
3000951258
3000951320
7701479299
7701473300
7701472255
7711134838
3000990093
3000990407
3000950644
3000950629
3000990394
3000951319
3000990382
7701477963
123109099R
8200882534
123104832R
2440755775
3000950713
3000990329
3400700449
123006354R
2290601092
123106337R
3000990408
7701205459
7700874795
302056909R
3000990393
3400700444
302105151R
7701473536
7701472256
5001853640
123105630R
7701477690
7701478638
3000990095
7701472768
8200143210
302051920R
7701478729
3000990441
3000990410
3000990399
3000990409
3000951938
3082001843
123101516R
123009041R
123101986R
1862379031
302106552R
308512132R
8200046103
3182998101
9700514380
8200855816
8200124021
8200694013
8200046102
6001543166
8200506488
306109469R
8200436137
306206822R
306100002R
8201035313
7700113066
3182654204
308516732R
8200399602
8200609202
306105773R
8201035311
8200039836
8200283479
8200785483
8200019500
308516719R
306107761R
8200764613
7700110348
306107623R
8200459155
306206618R
3182654146
8200842575
8200459153
8200187918
306204410R
8200414151
308516865R
306205974R
306105606R
8200057020
306209222R
308510938R
906203014R
8200654810
7700111632
8200019602
3066105588
308503188R
306108623R
8200673232
306105360R
3182654142
8200764610
306202804R
9700514300
8200157765
8200842580
3182654166
3182654165
5010244109
8200902797
306104007R
5010452472
8200420627
306206652R
432003112R
8200002874
7701204305
8200736267
0986479271
0986479761
0986479015
8200266043
432022742R
7701205231
7700830283
8200018407
8200046548
5001874635
8671019318
402060019R
2401260161
8671017102
5006172150
8200020851
432000016R
2401110180
2401110174
0986479009
0986479083
2401120177
2401280288
2401110100
2401110173
0501212474
5010245752
8200805656
306201683R
8200790630
8200828530
8200846753
3182654199
3182600212
8200116459
8200243494
8200341798
8200764618
8200723260
306204431R
7700107635
306203381R
3182600249
3182654210
7420933629
3182600120