7701476926
8200905029
8200113302
2294501153
7701475728
2294701002
7701474087
8200545322
8200501236
8200247241
7701205089
2500183200
8200450224
8200715618
8200416685
123117587R
123003107R
7701476546
123002598R
6510304005
7700421960
7700428748
3074600240
8200426378
7700431360
7700840097
6006004557
2437281006
7700429330
7700435284
6025103090
6025103091
7700802682
7700832877
7700421415
6025304915
8200098019
7700413206
7700435320
2437281030
7700840014
7700430111
7700823050
2437281019
2437281027
7700745352
6006000873
8200694035
6025171256
6025171255
8200018668
6001546867
7700799501
6025170727
2437281022
6001548445
6025170728
7700843206
8200073170
7700413205
7700827853
7700813657
3074600149
3074600269
2437281026
3074600271
2437281023
2437281024
2437281016
3151600594
8200142677
7704001363
5010245921
3151600544
3151000493
3151856001
3151274131
3151000144
3151262031
3100008233
3100026531
3151250231
0350264630
3151270341
3151199001
3151600529
3151204001
0350265315
3100008106
3151000809
3151000752
3151001035
0986479453
432002188R
6155230018
402064155R
402001539R
402060012R
8671018107
402060013R
8200242317
2401110161
8200010519
8201464598
8200019581
2401110184
432028136R
8200110893
7701053596
123002039R
5001863718
7701053559
8130715601
465037304R
7700826530
6006003790
5010452527
308516745R
8200157880
8200051677
7700116268
1305230764
7701478115
302055638R
8200820219
7701478559
1862954142
1878634168
5010244189
7701477758
302057505R
301017546R
7701479173
7701477171
7420707024
7701476557
302053931R
302054956R
5010613657
5000677285
1862998001
301010996R
5010244213
5000677249
302055084R
302056955R
7711134835
7701470987
7701478557
7701478120
302056381R
302052098R
302055699R
6001549053
7700739799
7700852139
1861929042
301010007R
7701467492
7422442376
5000677294
5000677165
3082119131
5000055986
3082133041
7701479306
302053302R
7701475437
3020507073
0350263105
0350263927
7701477032
7701475298
302056172R
302102934R
7701475664
7701472773
5001839973
7701475348
7711497161
7700107216
7701475353
7700722064
6001548017
7700300046
5000677290
3482123243
8200031594
308512092R
8200023636
8200789598
308510021R
8200860426
308518960R
8200618359
308514690R
308510128R
308513757R
474011228R
308515892R