924401488R
8201385156
8200789594
8200240430
8200376095
8200725511
8200626991
8200618182
8200575490
8200725510
7700858979
391008683R
8200725512
8200725503
8200725504
8200725500
8200499586
391009398R
8200725499
8200618165
8200725502
8200499585
8200079916
391001702R
8200274166
8200805489
391013990R
8200387550
8200618166
391018508R
391013387R
8200358164
397410001R
391011816R
391002423R
396008196R
8200559377
8200985010
391006777R
8200684084
7700109334
8200378880
8200405445
8200661555
8200618168
8200482429
8200618111
8200261841
8200240421
8200890089
8200376094
8200169164
8200383708
391010115R
8200676172
391012329R
8200432514
8200436849
8200436366
8200452272
8200278602
8200133292
8200330413
8200407659
8200571880
391016613R
391003112R
8200198015
8200934677
8200470129
8200786810
8200387466
391016076R
396003780R
8200482435
8200407660
8200472158
8200618501
8200892071
8200934474
8200439891
8200467679
8201045819
8200198016
8200971861
8200274162
8200264667
391008239R
8200226057
8200169163
8200228393
8200500684
8201055673
391016204R
397747134R
391007866R
8200538941
8200341698
8200452273
8200408417
8200363698
8200882433
8200375537
8200535798
391006849R
391014001R
391000804R
391018662R
8200411381
391000926R
391002176R
8200358168
8200626043
8200470130
8200535802
8200216626
8200557126
7700112478
8200687910
391010195R
8200327707
8200133293
8200847584
8200590370
8200171562
391009002R
8200362065
391006802R
8200264668
8200790517
8200659626
8200666593
391009864R
8200788672
8201055669
391013297R
391017832R
8200543868
8200375538
391016376R
8200444606
391004336R
8200725509
8200362064
8200414939
8200436365
4430600012
8200178618
8200232886
8200470131
8200216625
8200659627
8200966862
391001339R
8200079913
8200079915
8200511116
8200511122
8200725513
8200776537
8200768656
391014021R
391007857R
931006777R
8201055632
8200613827
8200276407
391014298R
8201055635
8200511220
391006276R
8200613823
391004165R
8200169177
8200482436
8200690053
7711135401
7701351989
396004652R
391019028R
8200379235
8200725516
8200216523
8200590972
391006553R
391004298R
391016100R
8200232883
391018406R
8200538738
391011434R
3960081196
8200168513
8200820344
8200432515
391009101R
8200534580
8200387408
8200452268
8200286041