391016337R
391003813R
391003858R
391016363R
391017922R
391000398R
391019506R
391003482R
8200866827
391002659R
391003605R
391010905R
391007345R
391007254R
8201030262
391000367R
391000090R
3910178986
3910008707
3910148007
8201717206
391010424R
391001290R
8200866824
391008834R
391008457R
391015986R
7711135155
391013827R
391001097R
391009375R
391006893R
391008636R
391006609R
391012511R
391019395R
391019516R
391003142R
391019386R
391016661R
391017093R
391007122R
391019799R
391009882R
391015076R
391000884R
391005876R
391004166R
391003944R
391017715R
391017772R
391002354R
391011313R
391011887R
391008052R
391012894R
8201717205
391017579R
391001868R
391017410R
391006426R
391004721R
391009804R
391002592R
6020017896
6020017895
7701352415
7701352471
7701351995
7701349955
7701351948
7701349992
7701351130
8200169277
7711134778
7700102978
7700874197
391007680R
7701351479
7701349880
8200261840
4343300510
4343301010
7700111916
7700111914
8200843879
4343300110
8200264664
8200014111
8200035673
4343300810
4343300310
8200285909
7700102998
7701469374
7701351484
7701349938
7702096437
7711135224
7701352595
6144980018
6144980029
4343301110
8200436848
8200356803
8200236110
7700111918
8200069147
8200178661
8200196277
8200358163
6144980048
8200535800
7701352869
8200058705
391000606R
8200079912
7711134777
8200029470
8200031149
8200776535
7701349990
7701349958
8200934676
8200169288
8200499895
7701208843
8200443024
8200266743
8200242318
370007837R
7711134786
4343100700
7701352139
6001550692
7701468840
7701349879
6001547028
7701352473
7701352021
7701349998
7700110482
7701349172
7711135420
8200379208
8210353627
8200334338
7700112689
7700102979
3020041901
3020041900
7701349994
7701349914
7700106291
8200236109
6001547029
391012360R
1607237280
7711135775
7701352596
7701352774
7711135414
7700873322
7711134785
7701473010
6001548660
8200444438
8200169291
8200024622
7701349873
7700106009
4343103000
7701349689
7700112507
4343102000
7700112116
7711135321
4343101480
2034105406
2114108906
5010143741
8200236107
3910101111
7701352489
6144980037
7711135416
8200276640
7711134780
5010583006
7701352618
6144980035
7700112149
7701352597
8201187929
7701352552
7711368091
7700105485
7700102981
7700106263
7711135531