4343100500
7700112147
6144980036
7711135411
8200987033
370005068R
5010251725
5010524626
8200149811
1111961000
7701463343
6001548720
7701352629
7711135353
5010524243
5010583005
0006000618
7701470567
7700103943
7701209255
7701209993
7701202237
7701209475
7701463955
7701209256
7701209884
7701013803
7701473830
7701209254
6001551490
392414459R
7701209238
392413815R
7701209990
7701210043
7701470566
7701209473
7701209992
7701209466
7701209474
7701209615
7701469416
7701209243
7701467125
7701209251
6001547767
6001543333
7701471522
8200017057
6001547699
7701464129
1614495001
7701465489
7701035317
7701472975
7701470910
7701209253
7701209991
7700114918
7701209472
392419256R
7701209830
7701209247
7701466983
397411935R
7701210063
7701207566
7701469418
7701209467
7701209469
7701209241
7701209244
392410001R
7701209252
7700308754
375252191R
8200079157
5001860799
7420876194
2024101615
8200684227
8200426805
397748146R
7701071133
8200502731
397746629R
8200801824
397745712R
397748189R
397740861R
397746293R
8200590664
397744471R
397742890R
8200005656
8200371715
397744935R
397742418R
391140789R
397743921R
8200694221
5000287982
5001836375
321583016R
7711130076
2401220266
5001871213
402062000R
432024048R
402067023R
5001871214
8671012049
8200177023
2401280223
7701474248
543029028R
7700600516
8200559512
8200600466
8200160653
8200386298
0261230491
8200599842
8200610179
8200064493
8200156391
8200370824
2517253301
0261230503
7701700511
8200977061
7701700552
8200500871
8200128325
8200131489
8200584877
2500606800
8200907117
8201057476
2500606900
8200210039
8200361232
7700600106
8200166683
7701700574
8200166682
8200297662
112332602R
8200859980
8200065323
7700105692
8200559509
8200011891
8200815546
112338883R
7701717857
8200156397
8200005323
7701706337
8200133311
8201065255
8200388620
7700599287
8200388222
8200780816
8200459672
8200434781
8200790641
7700599332
3433201025
8200133909
8200562298
8200165228
7701717734
7701713296
8200408974
8200165215
7701717783
8200011892
7701719167
320105487R
8200790639
7700600037
7701717852
8200017300
7700113677
7700599940
9053201095
8200183331
1323301009
7701700553
8200459875
7701723236
7700598840
7701717782
8200116128
8200210038
7701723233
8200790637
8200786560