7700060051
804012886R
7701700608
7701717702
7700508997
7701723412
8200064495
8201042105
7701701740
8200377291
7701700551
320103058R
8200705020
320106294R
8200166686
8200025744
7701696333
8200146554
8200004043
8200586018
8200137170
8200805160
7700874852
7701667397
7701700527
7701700522
7700110712
8200667177
0003040147
8200377292
7701723413
7701696334
304016619R
8200977059
7701723425
7701685979
7701700598
8200133012
8200952941
5000673986
7701719152
8200584879
320108291R
7701717785
320106758R
7701978577
7701722987
319420852R
7701717858
170428098R
8200367222
304010877R
7701477812
320109079R
320104881R
8200726843
7701723270
320109347R
0260001053
1323301054
320104560R
8200737547
320103599R
7701717777
7701723417
320104000R
7701718735
8200308422
7700600228
8200065326
8200183550
8200402451
8200726841
8200165222
5010243026
8200707909
2052705501
8200240244
8200546200
8200398619
8200319068
7701071532
349352755R
8200502613
349018842R
5010245430
7701479154
8200930211
8200779037
8200781046
349359296R
7420844598
8201083201
8200907003
349359179R
7701479164
7701477671
8200739758
8200429895
344147493R
341043313R
349358401R
8200755871
7701474699
349011400R
5010452011
349017122R
349353778R
8200663807
8200751737
8200672215
349356487R
349012637R
349353249R
7701470938
349357827R
344142205R
8200779393
349351198R
349354557R
8200785088
349359566R
349359903R
344145687R
5010245432
8200363276
8200992794
7701477672
7700314710
8200134485
349350298R
8200694900
349351730R
344149081R
7701470939
8201083770
5001855204
8200050122
8200285624
8200755652
344140270R
349352288R
8200549980
8200905267
349010873R
8200743570
6025306287
8200065098
349014605R
8200134483
349354232R
341044950R
7701474701
8200961663
8201062921
681089950R
349351434R
7701474698
8200230597
349356656R
349352322R
341042886R
8200777403
349358299R
9672434480
8200736237
8200022394
969350504R
8200963222
8200861525
7700859626
341044825R
8200396769
341041752R
7701479193
8200905264
349010607R
341049019R
7700104572
7700103589
4770100070
341040688R
8200201915
8200230598
341089694R
7700110500
8200165280
8200528595
8200201293
7700852444
7700113470
8200277970
8200212062
341048721R
7700873195
314151804R
8200755868
349015751R
8200230600
8200396768