7700104812
341040598R
8200736236
969350026R
8200236143
969355492R
8200743573
5010589483
8201021402
8200236142
3981000202
969334727R
7700103590
8200933375
9675375080
8200933373
328008021R
344459933R
349042026R
8200057719
349011097R
497206288R
349352256R
349019559R
341082177R
5010143573
8200105010
749046172R
8200778215
8200625187
8200520060
8200749723
8200154006
319423690R
8200779125
8200208285
8200326372
8200635749
8200785399
341049798R
8200975289
341042088R
8200779046
7700103591
8200679929
328976248R
8200915410
341044453R
8200792999
8200785086
8200172835
341040915R
8200789067
8200114715
349010138R
8200556912
5010545741
349016019R
328972132R
432029079R
8200655249
8200570677
402975316R
349301175R
8200196615
7701474700
8200022613
7701478033
5010545441
7701208174
7700870238
7701049088
8200435121
7701479155
7701479163
8200101709
1316338002
7703090361
7420823919
8200297214
8200440073
8200440074
8200708092
1312332028
1316305001
1316332101
302193490R
8200039656
8201516100
7701471586
8200240043
8200149102
5010452429
6025306288
8200607980
9700514027
7700111166
7703090282
7703090323
8200128328
7700112239
8200708909
7703090561
8200641094
7700105261
7701478461
8200641095
8200163331
8201509378
8200984633
8200197478
319351580R
319354903R
7701071972
5010244033
8200217014
8200414097
5000673691
383429361R
1316303036
8200270281
321132689R
112205136R
7700788318
112200006R
7700832251
112205217R
7700768011
7700308762
309105236R
8200645578
310320117R
2517256424
8200298637
8200486971
8200488795
8200335651
7700858898
8200104471
8200212978
7700861065
7701050147
8200865078
8200548381
8200754739
8200144433
8200278614
8200372254
8200372247
310320047R
310321233R
8200784565
310320012R
8200569554
8200306333
8200723117
8200512207
5010143626
7700111209
8201000278
8200561155
8200561162
7700422630
319361369R
112533962R
8200292830
0112332438
8200298484
113327332R
112330713R
113324409R
112531998R
8201199598
112330319R
112530005R
8200416338
7700434671
112331999R
112533448R
112532962R
281154149R
8200463414
8200106699
8200118982
7701717114
8200118981
7701769541
8200694506
7700102977
7701070841
0230000290
0240000160
8201360524
7422327063
7701473050
7703090362
8200200188
326049728R
7700101608
326106387R