8200326548
8201043883
151921411R
5303970004
7700666502
5439998007
8200889694
3972409266
9200638766
5435988001
8200268257
8200113039
8200658766
7701477161
8200483658
7086390002
5438970000
8201165362
8200271823
5438970002
8201235691
5438970001
8200396687
5304101509
8200538802
8200538832
7700267717
5304101506
5438970005
8210420012
0200091350
5439101476
8200393667
7700103030
1304050046
5489101508
8200799780
8200024668
5437970003
8200895534
0281457010
144100054R
5443101508
8200834734
5435730000
9682778680
8200338205
2820900280
8200638832
0281002399
5439970712
5443970012
9435970002
7700108948
0445110414
8200636483
7701473757
8201329433
5316988673
7700872215
5430910150
1635970011
7700109030
0445010075
5804101516
8020039858
9677063780
8200147624
7700709838
9654919580
7700853065
8200486264
5303970001
7701473122
8201393211
5001855042
5439700012
7711134877
7701473437
7701474327
7701475282
7711135039
7701475135
7701476183
7711368163
8200204572
5439988002
8200578315
5439710051
8200473786
1635970002
0252397317
0986424774
0986494197
0986460946
0986494289
0986494722
0350601009
0252324518
0350598436
0986494573
440605839R
410601605R
1304602709
0986494661
0986461765
8671000105
0986494056
410604682R
5439970006
5438988000
5435988003
5314988644
8200399585
5439988007
8200409830
8200405203
8200507856
8200625683
8200846770
8200588232
8200552213
5439971008
8200184484
8200483648
5435970011
7180895008
7086395011
9674962080
144114521R
144113163R
7711368562
8200315504
8200882916
5435998003
5435998001
7517680001
8200475873
5439988003
5435990000
8201054152
8200683857
7711368560
144119283R
144116213R
7701479254
8200760281
7711368774
5303970041
8201067824
7517685005
5303988004
5443101477
5431970000
5435988002
5439998012
5439988012
7701467960
7701351874
7700653065
5431970002
8200823023
8200433479
8201371489
7701474413
7711134674
8071010013
8071010006
8201371485
7701478939
8200483646
8201062591
4937707303
7711135037
144105784R
9660641380
5438960000
8973717813
7712801085
7627855004
7748330001
144105447R
144104103R
144110429R
5303101517
5458970000
1641101506
5438988001
7701475399
7701478862
8201393207
7701478607
7701478859
5303988014
7485141936
8200678766
5304990048
7485123892
7711135749
8071010001