7701046629
8200368635
255700068R
7700803541
8810200221
8201167981
8200090338
272709355R
8200299871
255670016R
8200127726
275102210R
8200878698
7700414476
254010488R
8200739438
7700432860
8200023452
8200057319
8200070256
255670019R
8200012243
7700432064
8200326970
5010605285
255670015R
8200213758
255675887R
8200110315
272705952R
248104342R
8200292294
8200490947
275100013R
8200199518
809610016R
7701707064
255676085R
8200413906
8200121805
7700437315
5010225940
255670039R
254015469R
0000510170
275108933R
8200542094
8200476806
275100024R
274860004R
8810300335
8810200235
8200263353
275016524R
7700808672
8200630438
7701057090
363213189R
7700846227
7700428191
7420864651
7700411792
7700822445
5100334385
7700428203
7700803537
0000502060
7700435536
8200315013
8200108265
8200021376
7700832543
7700839681
7700808088
284487915R
8200108269
8201167982
7700428197
251432338R
8200878341
6001551360
280340027R
6006004844
8200371295
4539053601
7701045865
255670020R
7701044278
7701045864
7701053058
7701047255
8810300306
8200407756
8200519356
8200264425
8200633634
8200214760
8200189841
255542986R
7700428238
7700428202
8200155865
8200878342
8200167232
8200637849
0265019069
8200878336
8201167992
6001551366
8810300340
8200878338
8200119893
8200416459
280236599R
8200520205
7700354626
7701045277
8200058670
255520229R
275100759R
8200397297
276100026R
848450001R
255670023R
255520099R
8200216454
275100025R
255670009R
8200336229
7701048955
251758024R
7700424030
8200070266
275100026R
8200878344
251902972R
8200878333
254000008R
8200344840
7700312986
7700312985
8200856009
8200214939
8200878340
8200151468
8810200201
8200575240
272705324R
255500009R
255670022R
7700432853
7700353367
8200206602
5010589560
5010589991
5010480375
479457095R
2556700019
8200231760
8200142395
8200095495
281150007R
809610006R
8810200128
8200856010
8200531163
648450007R
255520001R
272703128R
8200501465
7700435400
648450001R
8200367334
7700846406
8200328899
7700808671
7700424173
5010226405
8200328426
255670005R
5010589561
7420767411
7420864647
8200356523
8200792579
7420808188
7700808033
8200216415
681729859R
8200515827
7420756755
255520014R
7700424174
8200216462
8200216465
0342315001
255405005R
684920540R
8200525170
8200420148